query_id,pq,batch_index,approx_h2d_ms,approx_memset_ms,approx_kernel_ms,approx_d2h_ms,approx_total_ms,recall,seed_count,visited_nodes,expanded_nodes,neighbor_slots_scanned,candidate_nodes,distance_evals,frontier_pushes,result_updates,peak_frontier,peak_results,result_count,early_stopped
0,10,0,2.0709e-05,0,0.00226159,2.13594e-05,0.00230365,0.2,4,465,23,704,461,465,132,62,10,10,10,1
1,10,0,2.0709e-05,0,0.00226159,2.13594e-05,0.00230365,0,4,653,34,1056,649,653,175,90,10,10,10,1
2,10,0,2.0709e-05,0,0.00226159,2.13594e-05,0.00230365,0.1,4,392,17,512,388,392,115,77,10,10,10,1
3,10,0,2.0709e-05,0,0.00226159,2.13594e-05,0.00230365,0.3,4,352,19,576,348,352,121,84,10,10,10,1
4,10,0,2.0709e-05,0,0.00226159,2.13594e-05,0.00230365,0,4,401,19,576,397,401,125,85,10,10,10,1
5,10,0,2.0709e-05,0,0.00226159,2.13594e-05,0.00230365,0,4,528,25,768,524,528,146,89,10,10,10,1
6,10,0,2.0709e-05,0,0.00226159,2.13594e-05,0.00230365,0,4,463,22,672,459,463,120,67,10,10,10,1
7,10,0,2.0709e-05,0,0.00226159,2.13594e-05,0.00230365,0.2,4,360,19,576,356,360,135,96,10,10,10,1
8,10,0,2.0709e-05,0,0.00226159,2.13594e-05,0.00230365,0,4,454,20,608,450,454,101,50,10,10,10,1
9,10,0,2.0709e-05,0,0.00226159,2.13594e-05,0.00230365,0.1,4,654,28,864,650,654,157,87,10,10,10,1
10,10,0,2.0709e-05,0,0.00226159,2.13594e-05,0.00230365,0.2,4,394,17,512,390,394,98,60,10,10,10,1
11,10,0,2.0709e-05,0,0.00226159,2.13594e-05,0.00230365,0,4,507,22,672,503,507,127,77,10,10,10,1
12,10,0,2.0709e-05,0,0.00226159,2.13594e-05,0.00230365,0,4,391,20,608,387,391,124,82,10,10,10,1
13,10,0,2.0709e-05,0,0.00226159,2.13594e-05,0.00230365,0.3,4,417,19,576,413,417,108,66,10,10,10,1
14,10,0,2.0709e-05,0,0.00226159,2.13594e-05,0.00230365,0.1,4,420,20,608,416,420,115,69,10,10,10,1
15,10,0,2.0709e-05,0,0.00226159,2.13594e-05,0.00230365,0.1,4,447,21,640,443,447,113,71,10,10,10,1
16,10,0,2.0709e-05,0,0.00226159,2.13594e-05,0.00230365,0.1,4,579,24,736,575,579,146,84,10,10,10,1
17,10,0,2.0709e-05,0,0.00226159,2.13594e-05,0.00230365,0.1,4,411,23,704,407,411,109,52,10,10,10,1
18,10,0,2.0709e-05,0,0.00226159,2.13594e-05,0.00230365,0,4,351,17,512,347,351,105,71,10,10,10,1
19,10,0,2.0709e-05,0,0.00226159,2.13594e-05,0.00230365,0.2,4,368,19,576,364,368,92,59,10,10,10,1
20,10,0,2.0709e-05,0,0.00226159,2.13594e-05,0.00230365,0.4,4,428,21,640,424,428,138,95,10,10,10,1
21,10,0,2.0709e-05,0,0.00226159,2.13594e-05,0.00230365,0.3,4,379,17,512,375,379,112,78,10,10,10,1
22,10,0,2.0709e-05,0,0.00226159,2.13594e-05,0.00230365,0.1,4,577,27,832,573,577,144,94,10,10,10,1
23,10,0,2.0709e-05,0,0.00226159,2.13594e-05,0.00230365,0.4,4,410,20,608,406,410,123,85,10,10,10,1
24,10,0,2.0709e-05,0,0.00226159,2.13594e-05,0.00230365,0.2,4,342,16,480,338,342,115,72,10,10,10,1
25,10,0,2.0709e-05,0,0.00226159,2.13594e-05,0.00230365,0,4,455,21,640,451,455,135,88,10,10,10,1
26,10,0,2.0709e-05,0,0.00226159,2.13594e-05,0.00230365,0.4,4,443,22,672,439,443,132,78,10,10,10,1
27,10,0,2.0709e-05,0,0.00226159,2.13594e-05,0.00230365,0,4,421,18,544,417,421,118,77,10,10,10,1
28,10,0,2.0709e-05,0,0.00226159,2.13594e-05,0.00230365,0.2,4,544,28,864,540,544,131,67,10,10,10,1
29,10,0,2.0709e-05,0,0.00226159,2.13594e-05,0.00230365,0.1,4,619,30,928,615,619,226,176,10,10,10,1
30,10,0,2.0709e-05,0,0.00226159,2.13594e-05,0.00230365,0.3,4,455,21,640,451,455,123,69,10,10,10,1
31,10,0,2.0709e-05,0,0.00226159,2.13594e-05,0.00230365,0.5,4,454,22,672,450,454,144,78,10,10,10,1
32,10,0,2.0709e-05,0,0.00226159,2.13594e-05,0.00230365,0.1,4,411,19,576,407,411,136,91,10,10,10,1
33,10,0,2.0709e-05,0,0.00226159,2.13594e-05,0.00230365,0.5,4,341,19,576,337,341,131,89,10,10,10,1
34,10,0,2.0709e-05,0,0.00226159,2.13594e-05,0.00230365,0.1,4,371,16,480,367,371,105,78,10,10,10,1
35,10,0,2.0709e-05,0,0.00226159,2.13594e-05,0.00230365,0.2,4,382,19,576,378,382,110,68,10,10,10,1
36,10,0,2.0709e-05,0,0.00226159,2.13594e-05,0.00230365,0,4,313,16,480,309,313,106,71,10,10,10,1
37,10,0,2.0709e-05,0,0.00226159,2.13594e-05,0.00230365,0.4,4,351,21,640,347,351,131,93,10,10,10,1
38,10,0,2.0709e-05,0,0.00226159,2.13594e-05,0.00230365,0.4,4,349,19,576,345,349,112,71,10,10,10,1
39,10,0,2.0709e-05,0,0.00226159,2.13594e-05,0.00230365,0.1,4,440,21,640,436,440,118,74,10,10,10,1
40,10,0,2.0709e-05,0,0.00226159,2.13594e-05,0.00230365,0.4,4,398,18,544,394,398,122,79,10,10,10,1
41,10,0,2.0709e-05,0,0.00226159,2.13594e-05,0.00230365,0,4,585,30,928,581,585,167,106,10,10,10,1
42,10,0,2.0709e-05,0,0.00226159,2.13594e-05,0.00230365,0.2,4,428,21,640,424,428,128,84,10,10,10,1
43,10,0,2.0709e-05,0,0.00226159,2.13594e-05,0.00230365,0.1,4,651,30,928,647,651,172,88,10,10,10,1
44,10,0,2.0709e-05,0,0.00226159,2.13594e-05,0.00230365,0.1,4,406,23,704,402,406,139,105,10,10,10,1
45,10,0,2.0709e-05,0,0.00226159,2.13594e-05,0.00230365,0,4,512,30,928,508,512,162,92,10,10,10,1
46,10,0,2.0709e-05,0,0.00226159,2.13594e-05,0.00230365,0.3,4,459,22,672,455,459,141,97,10,10,10,1
47,10,0,2.0709e-05,0,0.00226159,2.13594e-05,0.00230365,0.1,4,360,18,544,356,360,103,63,10,10,10,1
48,10,0,2.0709e-05,0,0.00226159,2.13594e-05,0.00230365,0.2,4,380,20,608,376,380,134,92,10,10,10,1
49,10,0,2.0709e-05,0,0.00226159,2.13594e-05,0.00230365,0.4,4,355,18,544,351,355,127,89,10,10,10,1
50,10,0,2.0709e-05,0,0.00226159,2.13594e-05,0.00230365,0.6,4,485,25,768,481,485,158,105,10,10,10,1
51,10,0,2.0709e-05,0,0.00226159,2.13594e-05,0.00230365,0,4,349,19,576,345,349,108,72,10,10,10,1
52,10,0,2.0709e-05,0,0.00226159,2.13594e-05,0.00230365,0.1,4,363,18,544,359,363,135,96,10,10,10,1
53,10,0,2.0709e-05,0,0.00226159,2.13594e-05,0.00230365,0.2,4,409,19,576,405,409,126,93,10,10,10,1
54,10,0,2.0709e-05,0,0.00226159,2.13594e-05,0.00230365,0,4,404,22,672,400,404,142,106,10,10,10,1
55,10,0,2.0709e-05,0,0.00226159,2.13594e-05,0.00230365,0.8,4,336,23,704,332,336,128,99,10,10,10,1
56,10,0,2.0709e-05,0,0.00226159,2.13594e-05,0.00230365,0,4,556,27,832,552,556,154,95,10,10,10,1
57,10,0,2.0709e-05,0,0.00226159,2.13594e-05,0.00230365,0.4,4,423,19,576,419,423,119,79,10,10,10,1
58,10,0,2.0709e-05,0,0.00226159,2.13594e-05,0.00230365,0.2,4,334,17,512,330,334,104,73,10,10,10,1
59,10,0,2.0709e-05,0,0.00226159,2.13594e-05,0.00230365,0.1,4,433,28,864,429,433,169,122,10,10,10,1
60,10,0,2.0709e-05,0,0.00226159,2.13594e-05,0.00230365,0,4,297,18,544,293,297,84,47,10,10,10,1
61,10,0,2.0709e-05,0,0.00226159,2.13594e-05,0.00230365,0.4,4,380,22,672,376,380,139,87,10,10,10,1
62,10,0,2.0709e-05,0,0.00226159,2.13594e-05,0.00230365,0.5,4,356,21,640,352,356,114,69,10,10,10,1
63,10,0,2.0709e-05,0,0.00226159,2.13594e-05,0.00230365,0,4,295,15,448,291,295,85,57,10,10,10,1
64,10,0,2.0709e-05,0,0.00226159,2.13594e-05,0.00230365,0.3,4,344,18,544,340,344,139,105,10,10,10,1
65,10,0,2.0709e-05,0,0.00226159,2.13594e-05,0.00230365,0.4,4,649,29,896,645,649,178,100,10,10,10,1
66,10,0,2.0709e-05,0,0.00226159,2.13594e-05,0.00230365,0.2,4,336,17,512,332,336,122,83,10,10,10,1
67,10,0,2.0709e-05,0,0.00226159,2.13594e-05,0.00230365,0.3,4,403,21,640,399,403,128,97,10,10,10,1
68,10,0,2.0709e-05,0,0.00226159,2.13594e-05,0.00230365,0,4,519,22,672,515,519,138,94,10,10,10,1
69,10,0,2.0709e-05,0,0.00226159,2.13594e-05,0.00230365,0,4,470,24,736,466,470,143,85,10,10,10,1
70,10,0,2.0709e-05,0,0.00226159,2.13594e-05,0.00230365,0.3,4,415,22,672,411,415,144,96,10,10,10,1
71,10,0,2.0709e-05,0,0.00226159,2.13594e-05,0.00230365,0.2,4,335,16,480,331,335,110,78,10,10,10,1
72,10,0,2.0709e-05,0,0.00226159,2.13594e-05,0.00230365,0,4,514,24,736,510,514,134,71,10,10,10,1
73,10,0,2.0709e-05,0,0.00226159,2.13594e-05,0.00230365,0.3,4,522,25,768,518,522,146,89,10,10,10,1
74,10,0,2.0709e-05,0,0.00226159,2.13594e-05,0.00230365,0,4,587,25,768,583,587,148,84,10,10,10,1
75,10,0,2.0709e-05,0,0.00226159,2.13594e-05,0.00230365,0.1,4,762,39,1216,758,762,200,101,10,10,10,1
76,10,0,2.0709e-05,0,0.00226159,2.13594e-05,0.00230365,0.5,4,502,25,768,498,502,148,92,10,10,10,1
77,10,0,2.0709e-05,0,0.00226159,2.13594e-05,0.00230365,0.2,4,514,25,768,510,514,154,98,10,10,10,1
78,10,0,2.0709e-05,0,0.00226159,2.13594e-05,0.00230365,0.4,4,349,16,480,345,349,107,72,10,10,10,1
79,10,0,2.0709e-05,0,0.00226159,2.13594e-05,0.00230365,0.2,4,535,29,896,531,535,178,130,10,10,10,1
80,10,0,2.0709e-05,0,0.00226159,2.13594e-05,0.00230365,0.6,4,425,24,736,421,425,136,85,10,10,10,1
81,10,0,2.0709e-05,0,0.00226159,2.13594e-05,0.00230365,0.2,4,732,34,1056,728,732,172,81,10,10,10,1
82,10,0,2.0709e-05,0,0.00226159,2.13594e-05,0.00230365,0,4,570,27,832,566,570,150,80,10,10,10,1
83,10,0,2.0709e-05,0,0.00226159,2.13594e-05,0.00230365,0.1,4,512,24,736,508,512,147,99,10,10,10,1
84,10,0,2.0709e-05,0,0.00226159,2.13594e-05,0.00230365,0,4,333,18,544,329,333,93,55,10,10,10,1
85,10,0,2.0709e-05,0,0.00226159,2.13594e-05,0.00230365,0.6,4,411,25,768,407,411,167,118,10,10,10,1
86,10,0,2.0709e-05,0,0.00226159,2.13594e-05,0.00230365,0.3,4,487,27,832,483,487,175,112,10,10,10,1
87,10,0,2.0709e-05,0,0.00226159,2.13594e-05,0.00230365,0.4,4,679,39,1216,675,679,225,136,10,10,10,1
88,10,0,2.0709e-05,0,0.00226159,2.13594e-05,0.00230365,0.6,4,338,22,672,334,338,129,95,10,10,10,1
89,10,0,2.0709e-05,0,0.00226159,2.13594e-05,0.00230365,0.3,4,433,22,672,429,433,151,108,10,10,10,1
90,10,0,2.0709e-05,0,0.00226159,2.13594e-05,0.00230365,0.2,4,353,18,544,349,353,138,104,10,10,10,1
91,10,0,2.0709e-05,0,0.00226159,2.13594e-05,0.00230365,0.3,4,353,19,576,349,353,118,82,10,10,10,1
92,10,0,2.0709e-05,0,0.00226159,2.13594e-05,0.00230365,0.2,4,682,33,1024,678,682,170,86,10,10,10,1
93,10,0,2.0709e-05,0,0.00226159,2.13594e-05,0.00230365,0.2,4,267,16,480,263,267,95,68,10,10,10,1
94,10,0,2.0709e-05,0,0.00226159,2.13594e-05,0.00230365,0.4,4,354,21,640,350,354,130,93,10,10,10,1
95,10,0,2.0709e-05,0,0.00226159,2.13594e-05,0.00230365,0.1,4,419,21,640,415,419,123,86,10,10,10,1
96,10,0,2.0709e-05,0,0.00226159,2.13594e-05,0.00230365,0,4,432,19,576,428,432,117,77,10,10,10,1
97,10,0,2.0709e-05,0,0.00226159,2.13594e-05,0.00230365,0,4,465,25,768,461,465,125,67,10,10,10,1
98,10,0,2.0709e-05,0,0.00226159,2.13594e-05,0.00230365,0.1,4,449,24,736,445,449,145,96,10,10,10,1
99,10,0,2.0709e-05,0,0.00226159,2.13594e-05,0.00230365,0.4,4,471,23,704,467,471,132,76,10,10,10,1
100,10,0,2.0709e-05,0,0.00226159,2.13594e-05,0.00230365,0.1,4,398,18,544,394,398,137,98,10,10,10,1
101,10,0,2.0709e-05,0,0.00226159,2.13594e-05,0.00230365,0.3,4,422,18,544,418,422,124,96,10,10,10,1
102,10,0,2.0709e-05,0,0.00226159,2.13594e-05,0.00230365,0.3,4,571,26,800,567,571,154,79,10,10,10,1
103,10,0,2.0709e-05,0,0.00226159,2.13594e-05,0.00230365,0.2,4,451,23,704,447,451,140,91,10,10,10,1
104,10,0,2.0709e-05,0,0.00226159,2.13594e-05,0.00230365,0.3,4,567,30,928,563,567,163,97,10,10,10,1
105,10,0,2.0709e-05,0,0.00226159,2.13594e-05,0.00230365,0.1,4,565,33,1024,561,565,171,93,10,10,10,1
106,10,0,2.0709e-05,0,0.00226159,2.13594e-05,0.00230365,0,4,443,20,608,439,443,112,68,10,10,10,1
107,10,0,2.0709e-05,0,0.00226159,2.13594e-05,0.00230365,0.4,4,513,28,864,509,513,190,131,10,10,10,1
108,10,0,2.0709e-05,0,0.00226159,2.13594e-05,0.00230365,0.3,4,468,28,864,464,468,164,102,10,10,10,1
109,10,0,2.0709e-05,0,0.00226159,2.13594e-05,0.00230365,0.3,4,469,23,704,465,469,134,90,10,10,10,1
110,10,0,2.0709e-05,0,0.00226159,2.13594e-05,0.00230365,0,4,465,24,736,461,465,133,90,10,10,10,1
111,10,0,2.0709e-05,0,0.00226159,2.13594e-05,0.00230365,0,4,695,34,1056,691,695,167,82,10,10,10,1
112,10,0,2.0709e-05,0,0.00226159,2.13594e-05,0.00230365,0.6,4,296,19,576,292,296,133,102,10,10,10,1
113,10,0,2.0709e-05,0,0.00226159,2.13594e-05,0.00230365,0.3,4,458,24,736,454,458,148,93,10,10,10,1
114,10,0,2.0709e-05,0,0.00226159,2.13594e-05,0.00230365,0.3,4,529,26,800,525,529,155,97,10,10,10,1
115,10,0,2.0709e-05,0,0.00226159,2.13594e-05,0.00230365,0,4,365,16,480,361,365,101,64,10,10,10,1
116,10,0,2.0709e-05,0,0.00226159,2.13594e-05,0.00230365,0.4,4,397,20,608,393,397,162,131,10,10,10,1
117,10,0,2.0709e-05,0,0.00226159,2.13594e-05,0.00230365,0,4,515,23,704,511,515,124,73,10,10,10,1
118,10,0,2.0709e-05,0,0.00226159,2.13594e-05,0.00230365,0.4,4,453,20,608,449,453,110,61,10,10,10,1
119,10,0,2.0709e-05,0,0.00226159,2.13594e-05,0.00230365,0.2,4,378,23,704,374,378,145,103,10,10,10,1
120,10,0,2.0709e-05,0,0.00226159,2.13594e-05,0.00230365,0.1,4,389,18,544,385,389,112,86,10,10,10,1
121,10,0,2.0709e-05,0,0.00226159,2.13594e-05,0.00230365,0,4,518,26,800,514,518,135,78,10,10,10,1
122,10,0,2.0709e-05,0,0.00226159,2.13594e-05,0.00230365,0.4,4,507,23,704,503,507,148,102,10,10,10,1
123,10,0,2.0709e-05,0,0.00226159,2.13594e-05,0.00230365,0.1,4,316,19,576,312,316,115,78,10,10,10,1
124,10,0,2.0709e-05,0,0.00226159,2.13594e-05,0.00230365,0.3,4,319,16,480,315,319,110,80,10,10,10,1
125,10,0,2.0709e-05,0,0.00226159,2.13594e-05,0.00230365,0.1,4,415,20,608,411,415,110,68,10,10,10,1
126,10,0,2.0709e-05,0,0.00226159,2.13594e-05,0.00230365,0.2,4,529,24,736,525,529,131,75,10,10,10,1
127,10,0,2.0709e-05,0,0.00226159,2.13594e-05,0.00230365,0.4,4,355,18,544,351,355,97,54,10,10,10,1
128,10,0,2.0709e-05,0,0.00226159,2.13594e-05,0.00230365,0.2,4,545,29,896,541,545,157,80,10,10,10,1
129,10,0,2.0709e-05,0,0.00226159,2.13594e-05,0.00230365,0.4,4,567,30,928,563,567,183,120,10,10,10,1
130,10,0,2.0709e-05,0,0.00226159,2.13594e-05,0.00230365,0.1,4,739,36,1120,735,739,188,99,10,10,10,1
131,10,0,2.0709e-05,0,0.00226159,2.13594e-05,0.00230365,0.2,4,535,26,800,531,535,157,97,10,10,10,1
132,10,0,2.0709e-05,0,0.00226159,2.13594e-05,0.00230365,0.2,4,509,25,768,505,509,126,67,10,10,10,1
133,10,0,2.0709e-05,0,0.00226159,2.13594e-05,0.00230365,0.2,4,446,24,736,442,446,124,79,10,10,10,1
134,10,0,2.0709e-05,0,0.00226159,2.13594e-05,0.00230365,0,4,433,21,640,429,433,154,107,10,10,10,1
135,10,0,2.0709e-05,0,0.00226159,2.13594e-05,0.00230365,0.1,4,452,20,608,448,452,127,85,10,10,10,1
136,10,0,2.0709e-05,0,0.00226159,2.13594e-05,0.00230365,0.4,4,366,18,544,362,366,108,71,10,10,10,1
137,10,0,2.0709e-05,0,0.00226159,2.13594e-05,0.00230365,0.5,4,533,31,960,529,533,170,97,10,10,10,1
138,10,0,2.0709e-05,0,0.00226159,2.13594e-05,0.00230365,0.3,4,663,29,896,659,663,164,95,10,10,10,1
139,10,0,2.0709e-05,0,0.00226159,2.13594e-05,0.00230365,0.1,4,367,19,576,363,367,91,50,10,10,10,1
140,10,0,2.0709e-05,0,0.00226159,2.13594e-05,0.00230365,0,4,583,27,832,579,583,150,76,10,10,10,1
141,10,0,2.0709e-05,0,0.00226159,2.13594e-05,0.00230365,0.3,4,481,26,800,477,481,166,109,10,10,10,1
142,10,0,2.0709e-05,0,0.00226159,2.13594e-05,0.00230365,0,4,369,16,480,365,369,116,78,10,10,10,1
143,10,0,2.0709e-05,0,0.00226159,2.13594e-05,0.00230365,0.2,4,574,27,832,570,574,164,115,10,10,10,1
144,10,0,2.0709e-05,0,0.00226159,2.13594e-05,0.00230365,0.3,4,374,20,608,370,374,107,67,10,10,10,1
145,10,0,2.0709e-05,0,0.00226159,2.13594e-05,0.00230365,0.2,4,512,26,800,508,512,162,101,10,10,10,1
146,10,0,2.0709e-05,0,0.00226159,2.13594e-05,0.00230365,0.3,4,414,19,576,410,414,130,85,10,10,10,1
147,10,0,2.0709e-05,0,0.00226159,2.13594e-05,0.00230365,0.1,4,491,24,736,487,491,124,74,10,10,10,1
148,10,0,2.0709e-05,0,0.00226159,2.13594e-05,0.00230365,0.1,4,298,15,448,294,298,101,72,10,10,10,1
149,10,0,2.0709e-05,0,0.00226159,2.13594e-05,0.00230365,0.2,4,669,35,1088,665,669,177,101,10,10,10,1
150,10,0,2.0709e-05,0,0.00226159,2.13594e-05,0.00230365,0.1,4,362,17,512,358,362,123,85,10,10,10,1
151,10,0,2.0709e-05,0,0.00226159,2.13594e-05,0.00230365,0.1,4,403,23,704,399,403,125,84,10,10,10,1
152,10,0,2.0709e-05,0,0.00226159,2.13594e-05,0.00230365,0.2,4,287,17,512,283,287,100,70,10,10,10,1
153,10,0,2.0709e-05,0,0.00226159,2.13594e-05,0.00230365,0.4,4,318,17,512,314,318,119,89,10,10,10,1
154,10,0,2.0709e-05,0,0.00226159,2.13594e-05,0.00230365,0,4,393,21,640,389,393,117,76,10,10,10,1
155,10,0,2.0709e-05,0,0.00226159,2.13594e-05,0.00230365,0,4,430,19,576,426,430,124,84,10,10,10,1
156,10,0,2.0709e-05,0,0.00226159,2.13594e-05,0.00230365,0.3,4,377,18,544,373,377,95,60,10,10,10,1
157,10,0,2.0709e-05,0,0.00226159,2.13594e-05,0.00230365,0,4,341,16,480,337,341,90,58,10,10,10,1
158,10,0,2.0709e-05,0,0.00226159,2.13594e-05,0.00230365,0,4,605,27,832,601,605,143,68,10,10,10,1
159,10,0,2.0709e-05,0,0.00226159,2.13594e-05,0.00230365,0,4,410,20,608,406,410,110,60,10,10,10,1
160,10,0,2.0709e-05,0,0.00226159,2.13594e-05,0.00230365,0.1,4,534,25,768,530,534,125,69,10,10,10,1
161,10,0,2.0709e-05,0,0.00226159,2.13594e-05,0.00230365,0,4,312,17,512,308,312,94,57,10,10,10,1
162,10,0,2.0709e-05,0,0.00226159,2.13594e-05,0.00230365,0.1,4,348,16,480,344,348,94,58,10,10,10,1
163,10,0,2.0709e-05,0,0.00226159,2.13594e-05,0.00230365,0.3,4,773,37,1152,769,773,190,102,10,10,10,1
164,10,0,2.0709e-05,0,0.00226159,2.13594e-05,0.00230365,0,4,382,19,576,378,382,114,79,10,10,10,1
165,10,0,2.0709e-05,0,0.00226159,2.13594e-05,0.00230365,0.3,4,340,18,544,336,340,100,72,10,10,10,1
166,10,0,2.0709e-05,0,0.00226159,2.13594e-05,0.00230365,0.2,4,406,21,640,402,406,137,94,10,10,10,1
167,10,0,2.0709e-05,0,0.00226159,2.13594e-05,0.00230365,0.2,4,427,21,640,423,427,125,75,10,10,10,1
168,10,0,2.0709e-05,0,0.00226159,2.13594e-05,0.00230365,0.2,4,487,25,768,483,487,121,65,10,10,10,1
169,10,0,2.0709e-05,0,0.00226159,2.13594e-05,0.00230365,0.2,4,398,18,544,394,398,93,43,10,10,10,1
170,10,0,2.0709e-05,0,0.00226159,2.13594e-05,0.00230365,0,4,498,24,736,494,498,128,74,10,10,10,1
171,10,0,2.0709e-05,0,0.00226159,2.13594e-05,0.00230365,0,4,450,24,736,446,450,147,91,10,10,10,1
172,10,0,2.0709e-05,0,0.00226159,2.13594e-05,0.00230365,0.1,4,427,22,672,423,427,124,78,10,10,10,1
173,10,0,2.0709e-05,0,0.00226159,2.13594e-05,0.00230365,0,4,577,30,928,573,577,153,84,10,10,10,1
174,10,0,2.0709e-05,0,0.00226159,2.13594e-05,0.00230365,0,4,544,26,800,540,544,150,92,10,10,10,1
175,10,0,2.0709e-05,0,0.00226159,2.13594e-05,0.00230365,0.2,4,611,29,896,607,611,139,67,10,10,10,1
176,10,0,2.0709e-05,0,0.00226159,2.13594e-05,0.00230365,0.1,4,360,18,544,356,360,113,75,10,10,10,1
177,10,0,2.0709e-05,0,0.00226159,2.13594e-05,0.00230365,0.1,4,345,16,480,341,345,102,67,10,10,10,1
178,10,0,2.0709e-05,0,0.00226159,2.13594e-05,0.00230365,0,4,333,17,512,329,333,91,55,10,10,10,1
179,10,0,2.0709e-05,0,0.00226159,2.13594e-05,0.00230365,0.1,4,650,29,896,646,650,133,69,10,10,10,1
180,10,0,2.0709e-05,0,0.00226159,2.13594e-05,0.00230365,0.3,4,547,27,832,543,547,160,102,10,10,10,1
181,10,0,2.0709e-05,0,0.00226159,2.13594e-05,0.00230365,0.1,4,406,21,640,402,406,121,57,10,10,10,1
182,10,0,2.0709e-05,0,0.00226159,2.13594e-05,0.00230365,0.2,4,480,23,704,476,480,148,95,10,10,10,1
183,10,0,2.0709e-05,0,0.00226159,2.13594e-05,0.00230365,0.4,4,417,20,608,413,417,117,74,10,10,10,1
184,10,0,2.0709e-05,0,0.00226159,2.13594e-05,0.00230365,0,4,503,25,768,499,503,137,90,10,10,10,1
185,10,0,2.0709e-05,0,0.00226159,2.13594e-05,0.00230365,0.4,4,322,20,608,318,322,112,76,10,10,10,1
186,10,0,2.0709e-05,0,0.00226159,2.13594e-05,0.00230365,0.1,4,408,21,640,404,408,131,87,10,10,10,1
187,10,0,2.0709e-05,0,0.00226159,2.13594e-05,0.00230365,0.1,4,420,21,640,416,420,112,68,10,10,10,1
188,10,0,2.0709e-05,0,0.00226159,2.13594e-05,0.00230365,0.1,4,443,25,768,439,443,146,101,10,10,10,1
189,10,0,2.0709e-05,0,0.00226159,2.13594e-05,0.00230365,0.2,4,348,18,544,344,348,135,96,10,10,10,1
190,10,0,2.0709e-05,0,0.00226159,2.13594e-05,0.00230365,0.2,4,433,25,768,429,433,139,91,10,10,10,1
191,10,0,2.0709e-05,0,0.00226159,2.13594e-05,0.00230365,0,4,621,28,864,617,621,146,83,10,10,10,1
192,10,0,2.0709e-05,0,0.00226159,2.13594e-05,0.00230365,0,4,420,18,544,416,420,116,75,10,10,10,1
193,10,0,2.0709e-05,0,0.00226159,2.13594e-05,0.00230365,0.1,4,380,18,544,376,380,115,85,10,10,10,1
194,10,0,2.0709e-05,0,0.00226159,2.13594e-05,0.00230365,0.2,4,559,25,768,555,559,144,92,10,10,10,1
195,10,0,2.0709e-05,0,0.00226159,2.13594e-05,0.00230365,0,4,335,15,448,331,335,98,75,10,10,10,1
196,10,0,2.0709e-05,0,0.00226159,2.13594e-05,0.00230365,0,4,307,16,480,303,307,104,66,10,10,10,1
197,10,0,2.0709e-05,0,0.00226159,2.13594e-05,0.00230365,0.2,4,428,20,608,424,428,127,76,10,10,10,1
198,10,0,2.0709e-05,0,0.00226159,2.13594e-05,0.00230365,0.2,4,448,21,640,444,448,150,109,10,10,10,1
199,10,0,2.0709e-05,0,0.00226159,2.13594e-05,0.00230365,0.2,4,313,16,480,309,313,93,53,10,10,10,1
200,10,0,2.0709e-05,0,0.00226159,2.13594e-05,0.00230365,0.1,4,411,20,608,407,411,107,59,10,10,10,1
201,10,0,2.0709e-05,0,0.00226159,2.13594e-05,0.00230365,0.3,4,646,30,928,642,646,183,112,10,10,10,1
202,10,0,2.0709e-05,0,0.00226159,2.13594e-05,0.00230365,0.2,4,443,22,672,439,443,142,88,10,10,10,1
203,10,0,2.0709e-05,0,0.00226159,2.13594e-05,0.00230365,0.2,4,375,19,576,371,375,128,90,10,10,10,1
204,10,0,2.0709e-05,0,0.00226159,2.13594e-05,0.00230365,0.4,4,331,17,512,327,331,110,73,10,10,10,1
205,10,0,2.0709e-05,0,0.00226159,2.13594e-05,0.00230365,0.2,4,386,17,512,382,386,112,83,10,10,10,1
206,10,0,2.0709e-05,0,0.00226159,2.13594e-05,0.00230365,0.3,4,414,20,608,410,414,123,85,10,10,10,1
207,10,0,2.0709e-05,0,0.00226159,2.13594e-05,0.00230365,0,4,500,28,864,496,500,143,84,10,10,10,1
208,10,0,2.0709e-05,0,0.00226159,2.13594e-05,0.00230365,0,4,454,21,640,450,454,124,83,10,10,10,1
209,10,0,2.0709e-05,0,0.00226159,2.13594e-05,0.00230365,0.1,4,420,23,704,416,420,132,82,10,10,10,1
210,10,0,2.0709e-05,0,0.00226159,2.13594e-05,0.00230365,0.1,4,492,22,672,488,492,113,71,10,10,10,1
211,10,0,2.0709e-05,0,0.00226159,2.13594e-05,0.00230365,0,4,374,19,576,370,374,111,75,10,10,10,1
212,10,0,2.0709e-05,0,0.00226159,2.13594e-05,0.00230365,0.1,4,451,21,640,447,451,151,109,10,10,10,1
213,10,0,2.0709e-05,0,0.00226159,2.13594e-05,0.00230365,0,4,485,24,736,481,485,129,74,10,10,10,1
214,10,0,2.0709e-05,0,0.00226159,2.13594e-05,0.00230365,0.1,4,591,26,800,587,591,154,102,10,10,10,1
215,10,0,2.0709e-05,0,0.00226159,2.13594e-05,0.00230365,0.2,4,419,21,640,415,419,137,92,10,10,10,1
216,10,0,2.0709e-05,0,0.00226159,2.13594e-05,0.00230365,0.1,4,307,15,448,303,307,93,61,10,10,10,1
217,10,0,2.0709e-05,0,0.00226159,2.13594e-05,0.00230365,0.1,4,711,35,1088,707,711,174,87,10,10,10,1
218,10,0,2.0709e-05,0,0.00226159,2.13594e-05,0.00230365,0.3,4,461,21,640,457,461,122,60,10,10,10,1
219,10,0,2.0709e-05,0,0.00226159,2.13594e-05,0.00230365,0.4,4,337,16,480,333,337,109,69,10,10,10,1
220,10,0,2.0709e-05,0,0.00226159,2.13594e-05,0.00230365,0,4,656,28,864,652,656,164,99,10,10,10,1
221,10,0,2.0709e-05,0,0.00226159,2.13594e-05,0.00230365,0.2,4,264,13,384,260,264,94,60,10,10,10,1
222,10,0,2.0709e-05,0,0.00226159,2.13594e-05,0.00230365,0.2,4,369,19,576,365,369,119,73,10,10,10,1
223,10,0,2.0709e-05,0,0.00226159,2.13594e-05,0.00230365,0.2,4,381,18,544,377,381,109,76,10,10,10,1
224,10,0,2.0709e-05,0,0.00226159,2.13594e-05,0.00230365,0.3,4,518,24,736,514,518,139,87,10,10,10,1
225,10,0,2.0709e-05,0,0.00226159,2.13594e-05,0.00230365,0,4,471,22,672,467,471,121,78,10,10,10,1
226,10,0,2.0709e-05,0,0.00226159,2.13594e-05,0.00230365,0.1,4,438,20,608,434,438,126,83,10,10,10,1
227,10,0,2.0709e-05,0,0.00226159,2.13594e-05,0.00230365,0.1,4,413,20,608,409,413,110,60,10,10,10,1
228,10,0,2.0709e-05,0,0.00226159,2.13594e-05,0.00230365,0.1,4,456,21,640,452,456,128,84,10,10,10,1
229,10,0,2.0709e-05,0,0.00226159,2.13594e-05,0.00230365,0.1,4,631,32,992,627,631,163,89,10,10,10,1
230,10,0,2.0709e-05,0,0.00226159,2.13594e-05,0.00230365,0.5,4,347,19,576,343,347,128,82,10,10,10,1
231,10,0,2.0709e-05,0,0.00226159,2.13594e-05,0.00230365,0,4,446,23,704,442,446,152,91,10,10,10,1
232,10,0,2.0709e-05,0,0.00226159,2.13594e-05,0.00230365,0.2,4,425,23,704,421,425,146,106,10,10,10,1
233,10,0,2.0709e-05,0,0.00226159,2.13594e-05,0.00230365,0,4,636,30,928,632,636,148,83,10,10,10,1
234,10,0,2.0709e-05,0,0.00226159,2.13594e-05,0.00230365,0,4,451,22,672,447,451,153,112,10,10,10,1
235,10,0,2.0709e-05,0,0.00226159,2.13594e-05,0.00230365,0.2,4,524,30,928,520,524,172,103,10,10,10,1
236,10,0,2.0709e-05,0,0.00226159,2.13594e-05,0.00230365,0.2,4,515,26,800,511,515,141,76,10,10,10,1
237,10,0,2.0709e-05,0,0.00226159,2.13594e-05,0.00230365,0.4,4,376,20,608,372,376,125,87,10,10,10,1
238,10,0,2.0709e-05,0,0.00226159,2.13594e-05,0.00230365,0,4,380,19,576,376,380,111,71,10,10,10,1
239,10,0,2.0709e-05,0,0.00226159,2.13594e-05,0.00230365,0.1,4,442,22,672,438,442,106,61,10,10,10,1
240,10,0,2.0709e-05,0,0.00226159,2.13594e-05,0.00230365,0.1,4,356,16,480,352,356,95,63,10,10,10,1
241,10,0,2.0709e-05,0,0.00226159,2.13594e-05,0.00230365,0.3,4,476,23,704,472,476,153,102,10,10,10,1
242,10,0,2.0709e-05,0,0.00226159,2.13594e-05,0.00230365,0.2,4,539,28,864,535,539,134,73,10,10,10,1
243,10,0,2.0709e-05,0,0.00226159,2.13594e-05,0.00230365,0.2,4,511,26,800,507,511,154,96,10,10,10,1
244,10,0,2.0709e-05,0,0.00226159,2.13594e-05,0.00230365,0,4,636,30,928,632,636,158,79,10,10,10,1
245,10,0,2.0709e-05,0,0.00226159,2.13594e-05,0.00230365,0.4,4,560,26,800,556,560,142,88,10,10,10,1
246,10,0,2.0709e-05,0,0.00226159,2.13594e-05,0.00230365,0,4,516,25,768,512,516,134,87,10,10,10,1
247,10,0,2.0709e-05,0,0.00226159,2.13594e-05,0.00230365,0.2,4,426,23,704,422,426,144,102,10,10,10,1
248,10,0,2.0709e-05,0,0.00226159,2.13594e-05,0.00230365,0,4,575,29,896,571,575,144,74,10,10,10,1
249,10,0,2.0709e-05,0,0.00226159,2.13594e-05,0.00230365,0,4,460,19,576,456,460,114,83,10,10,10,1
250,10,0,2.0709e-05,0,0.00226159,2.13594e-05,0.00230365,0.3,4,511,24,736,507,511,143,78,10,10,10,1
251,10,0,2.0709e-05,0,0.00226159,2.13594e-05,0.00230365,0.1,4,518,23,704,514,518,136,69,10,10,10,1
252,10,0,2.0709e-05,0,0.00226159,2.13594e-05,0.00230365,0,4,317,15,448,313,317,99,67,10,10,10,1
253,10,0,2.0709e-05,0,0.00226159,2.13594e-05,0.00230365,0.2,4,482,25,768,478,482,154,91,10,10,10,1
254,10,0,2.0709e-05,0,0.00226159,2.13594e-05,0.00230365,0,4,450,21,640,446,450,129,98,10,10,10,1
255,10,0,2.0709e-05,0,0.00226159,2.13594e-05,0.00230365,0,4,495,22,672,491,495,124,77,10,10,10,1
256,10,0,2.0709e-05,0,0.00226159,2.13594e-05,0.00230365,0.1,4,518,26,800,514,518,149,90,10,10,10,1
257,10,0,2.0709e-05,0,0.00226159,2.13594e-05,0.00230365,0,4,495,24,736,491,495,129,76,10,10,10,1
258,10,0,2.0709e-05,0,0.00226159,2.13594e-05,0.00230365,0,4,434,22,672,430,434,125,71,10,10,10,1
259,10,0,2.0709e-05,0,0.00226159,2.13594e-05,0.00230365,0,4,358,17,512,354,358,105,71,10,10,10,1
260,10,0,2.0709e-05,0,0.00226159,2.13594e-05,0.00230365,0.2,4,541,25,768,537,541,147,95,10,10,10,1
261,10,0,2.0709e-05,0,0.00226159,2.13594e-05,0.00230365,0.3,4,595,32,992,591,595,155,79,10,10,10,1
262,10,0,2.0709e-05,0,0.00226159,2.13594e-05,0.00230365,0,4,442,22,672,438,442,106,64,10,10,10,1
263,10,0,2.0709e-05,0,0.00226159,2.13594e-05,0.00230365,0.5,4,326,19,576,322,326,119,86,10,10,10,1
264,10,0,2.0709e-05,0,0.00226159,2.13594e-05,0.00230365,0.1,4,608,28,864,604,608,156,109,10,10,10,1
265,10,0,2.0709e-05,0,0.00226159,2.13594e-05,0.00230365,0.3,4,533,26,800,529,533,163,107,10,10,10,1
266,10,0,2.0709e-05,0,0.00226159,2.13594e-05,0.00230365,0.2,4,510,26,800,506,510,161,97,10,10,10,1
267,10,0,2.0709e-05,0,0.00226159,2.13594e-05,0.00230365,0.1,4,470,22,672,466,470,144,93,10,10,10,1
268,10,0,2.0709e-05,0,0.00226159,2.13594e-05,0.00230365,0.1,4,497,22,672,493,497,121,67,10,10,10,1
269,10,0,2.0709e-05,0,0.00226159,2.13594e-05,0.00230365,0.3,4,472,24,736,468,472,159,113,10,10,10,1
270,10,0,2.0709e-05,0,0.00226159,2.13594e-05,0.00230365,0.1,4,413,20,608,409,413,99,57,10,10,10,1
271,10,0,2.0709e-05,0,0.00226159,2.13594e-05,0.00230365,0,4,381,16,480,377,381,111,69,10,10,10,1
272,10,0,2.0709e-05,0,0.00226159,2.13594e-05,0.00230365,0,4,445,20,608,441,445,92,57,10,10,10,1
273,10,0,2.0709e-05,0,0.00226159,2.13594e-05,0.00230365,0.2,4,494,22,672,490,494,150,99,10,10,10,1
274,10,0,2.0709e-05,0,0.00226159,2.13594e-05,0.00230365,0.1,4,477,22,672,473,477,126,76,10,10,10,1
275,10,0,2.0709e-05,0,0.00226159,2.13594e-05,0.00230365,0.2,4,491,25,768,487,491,161,101,10,10,10,1
276,10,0,2.0709e-05,0,0.00226159,2.13594e-05,0.00230365,0.1,4,543,28,864,539,543,147,77,10,10,10,1
277,10,0,2.0709e-05,0,0.00226159,2.13594e-05,0.00230365,0.1,4,311,16,480,307,311,98,63,10,10,10,1
278,10,0,2.0709e-05,0,0.00226159,2.13594e-05,0.00230365,0,4,437,20,608,433,437,113,70,10,10,10,1
279,10,0,2.0709e-05,0,0.00226159,2.13594e-05,0.00230365,0,4,532,25,768,528,532,145,83,10,10,10,1
280,10,0,2.0709e-05,0,0.00226159,2.13594e-05,0.00230365,0,4,399,19,576,395,399,128,89,10,10,10,1
281,10,0,2.0709e-05,0,0.00226159,2.13594e-05,0.00230365,0,4,361,18,544,357,361,127,90,10,10,10,1
282,10,0,2.0709e-05,0,0.00226159,2.13594e-05,0.00230365,0,4,351,21,640,347,351,114,72,10,10,10,1
283,10,0,2.0709e-05,0,0.00226159,2.13594e-05,0.00230365,0,4,699,32,992,695,699,169,84,10,10,10,1
284,10,0,2.0709e-05,0,0.00226159,2.13594e-05,0.00230365,0.1,4,383,21,640,379,383,139,90,10,10,10,1
285,10,0,2.0709e-05,0,0.00226159,2.13594e-05,0.00230365,0,4,299,14,416,295,299,91,69,10,10,10,1
286,10,0,2.0709e-05,0,0.00226159,2.13594e-05,0.00230365,0.1,4,619,27,832,615,619,142,81,10,10,10,1
287,10,0,2.0709e-05,0,0.00226159,2.13594e-05,0.00230365,0,4,402,21,640,398,402,122,76,10,10,10,1
288,10,0,2.0709e-05,0,0.00226159,2.13594e-05,0.00230365,0,4,478,25,768,474,478,164,107,10,10,10,1
289,10,0,2.0709e-05,0,0.00226159,2.13594e-05,0.00230365,0.1,4,483,22,672,479,483,128,85,10,10,10,1
290,10,0,2.0709e-05,0,0.00226159,2.13594e-05,0.00230365,0.1,4,536,24,736,532,536,134,85,10,10,10,1
291,10,0,2.0709e-05,0,0.00226159,2.13594e-05,0.00230365,0.3,4,441,20,608,437,441,109,63,10,10,10,1
292,10,0,2.0709e-05,0,0.00226159,2.13594e-05,0.00230365,0.3,4,459,22,672,455,459,144,107,10,10,10,1
293,10,0,2.0709e-05,0,0.00226159,2.13594e-05,0.00230365,0.2,4,670,32,992,666,670,163,88,10,10,10,1
294,10,0,2.0709e-05,0,0.00226159,2.13594e-05,0.00230365,0.2,4,481,24,736,477,481,168,101,10,10,10,1
295,10,0,2.0709e-05,0,0.00226159,2.13594e-05,0.00230365,0,4,354,18,544,350,354,116,77,10,10,10,1
296,10,0,2.0709e-05,0,0.00226159,2.13594e-05,0.00230365,0.1,4,317,14,416,313,317,75,49,10,10,10,1
297,10,0,2.0709e-05,0,0.00226159,2.13594e-05,0.00230365,0.1,4,454,22,672,450,454,145,91,10,10,10,1
298,10,0,2.0709e-05,0,0.00226159,2.13594e-05,0.00230365,0,4,436,19,576,432,436,106,66,10,10,10,1
299,10,0,2.0709e-05,0,0.00226159,2.13594e-05,0.00230365,0,4,431,20,608,427,431,131,97,10,10,10,1
300,10,0,2.0709e-05,0,0.00226159,2.13594e-05,0.00230365,0,4,361,17,512,357,361,83,49,10,10,10,1
301,10,0,2.0709e-05,0,0.00226159,2.13594e-05,0.00230365,0.1,4,447,23,704,443,447,136,85,10,10,10,1
302,10,0,2.0709e-05,0,0.00226159,2.13594e-05,0.00230365,0,4,399,22,672,395,399,121,72,10,10,10,1
303,10,0,2.0709e-05,0,0.00226159,2.13594e-05,0.00230365,0.1,4,535,26,800,531,535,149,94,10,10,10,1
304,10,0,2.0709e-05,0,0.00226159,2.13594e-05,0.00230365,0,4,446,22,672,442,446,125,87,10,10,10,1
305,10,0,2.0709e-05,0,0.00226159,2.13594e-05,0.00230365,0,4,543,23,704,539,543,122,66,10,10,10,1
306,10,0,2.0709e-05,0,0.00226159,2.13594e-05,0.00230365,0.3,4,513,21,640,509,513,105,55,10,10,10,1
307,10,0,2.0709e-05,0,0.00226159,2.13594e-05,0.00230365,0.1,4,467,20,608,463,467,116,64,10,10,10,1
308,10,0,2.0709e-05,0,0.00226159,2.13594e-05,0.00230365,0.2,4,334,17,512,330,334,110,76,10,10,10,1
309,10,0,2.0709e-05,0,0.00226159,2.13594e-05,0.00230365,0,4,435,18,544,431,435,111,63,10,10,10,1
310,10,0,2.0709e-05,0,0.00226159,2.13594e-05,0.00230365,0,4,520,27,832,516,520,121,66,10,10,10,1
311,10,0,2.0709e-05,0,0.00226159,2.13594e-05,0.00230365,0,4,506,24,736,502,506,130,80,10,10,10,1
312,10,0,2.0709e-05,0,0.00226159,2.13594e-05,0.00230365,0.1,4,525,21,640,521,525,123,75,10,10,10,1
313,10,0,2.0709e-05,0,0.00226159,2.13594e-05,0.00230365,0,4,519,24,736,515,519,121,56,10,10,10,1
314,10,0,2.0709e-05,0,0.00226159,2.13594e-05,0.00230365,0.5,4,391,17,512,387,391,126,93,10,10,10,1
315,10,0,2.0709e-05,0,0.00226159,2.13594e-05,0.00230365,0.2,4,397,21,640,393,397,103,65,10,10,10,1
316,10,0,2.0709e-05,0,0.00226159,2.13594e-05,0.00230365,0.2,4,539,27,832,535,539,140,75,10,10,10,1
317,10,0,2.0709e-05,0,0.00226159,2.13594e-05,0.00230365,0.1,4,486,26,800,482,486,147,86,10,10,10,1
318,10,0,2.0709e-05,0,0.00226159,2.13594e-05,0.00230365,0,4,636,32,992,632,636,181,83,10,10,10,1
319,10,0,2.0709e-05,0,0.00226159,2.13594e-05,0.00230365,0,4,489,23,704,485,489,132,75,10,10,10,1
320,10,0,2.0709e-05,0,0.00226159,2.13594e-05,0.00230365,0,4,659,31,960,655,659,161,85,10,10,10,1
321,10,0,2.0709e-05,0,0.00226159,2.13594e-05,0.00230365,0.1,4,625,29,896,621,625,159,82,10,10,10,1
322,10,0,2.0709e-05,0,0.00226159,2.13594e-05,0.00230365,0,4,445,19,576,441,445,104,70,10,10,10,1
323,10,0,2.0709e-05,0,0.00226159,2.13594e-05,0.00230365,0.1,4,369,16,480,365,369,105,73,10,10,10,1
324,10,0,2.0709e-05,0,0.00226159,2.13594e-05,0.00230365,0.1,4,466,24,736,462,466,123,66,10,10,10,1
325,10,0,2.0709e-05,0,0.00226159,2.13594e-05,0.00230365,0.2,4,363,18,544,359,363,105,74,10,10,10,1
326,10,0,2.0709e-05,0,0.00226159,2.13594e-05,0.00230365,0,4,522,21,640,518,522,124,77,10,10,10,1
327,10,0,2.0709e-05,0,0.00226159,2.13594e-05,0.00230365,0.3,4,473,21,640,469,473,129,73,10,10,10,1
328,10,0,2.0709e-05,0,0.00226159,2.13594e-05,0.00230365,0.1,4,425,20,608,421,425,120,92,10,10,10,1
329,10,0,2.0709e-05,0,0.00226159,2.13594e-05,0.00230365,0.1,4,302,18,544,298,302,122,85,10,10,10,1
330,10,0,2.0709e-05,0,0.00226159,2.13594e-05,0.00230365,0,4,418,20,608,414,418,121,83,10,10,10,1
331,10,0,2.0709e-05,0,0.00226159,2.13594e-05,0.00230365,0.1,4,535,23,704,531,535,124,81,10,10,10,1
332,10,0,2.0709e-05,0,0.00226159,2.13594e-05,0.00230365,0,4,403,20,608,399,403,106,60,10,10,10,1
333,10,0,2.0709e-05,0,0.00226159,2.13594e-05,0.00230365,0.1,4,359,16,480,355,359,98,63,10,10,10,1
334,10,0,2.0709e-05,0,0.00226159,2.13594e-05,0.00230365,0,4,782,34,1056,778,782,188,88,10,10,10,1
335,10,0,2.0709e-05,0,0.00226159,2.13594e-05,0.00230365,0.4,4,499,25,768,495,499,140,88,10,10,10,1
336,10,0,2.0709e-05,0,0.00226159,2.13594e-05,0.00230365,0,4,672,36,1120,668,672,160,77,10,10,10,1
337,10,0,2.0709e-05,0,0.00226159,2.13594e-05,0.00230365,0.1,4,586,27,832,582,586,140,81,10,10,10,1
338,10,0,2.0709e-05,0,0.00226159,2.13594e-05,0.00230365,0.2,4,588,29,896,584,588,162,95,10,10,10,1
339,10,0,2.0709e-05,0,0.00226159,2.13594e-05,0.00230365,0,4,365,17,512,361,365,110,75,10,10,10,1
340,10,0,2.0709e-05,0,0.00226159,2.13594e-05,0.00230365,0.1,4,395,19,576,391,395,122,88,10,10,10,1
341,10,0,2.0709e-05,0,0.00226159,2.13594e-05,0.00230365,0.3,4,346,17,512,342,346,109,69,10,10,10,1
342,10,0,2.0709e-05,0,0.00226159,2.13594e-05,0.00230365,0,4,445,21,640,441,445,119,59,10,10,10,1
343,10,0,2.0709e-05,0,0.00226159,2.13594e-05,0.00230365,0.3,4,428,21,640,424,428,110,69,10,10,10,1
344,10,0,2.0709e-05,0,0.00226159,2.13594e-05,0.00230365,0.1,4,504,23,704,500,504,143,87,10,10,10,1
345,10,0,2.0709e-05,0,0.00226159,2.13594e-05,0.00230365,0.2,4,459,23,704,455,459,138,86,10,10,10,1
346,10,0,2.0709e-05,0,0.00226159,2.13594e-05,0.00230365,0.2,4,614,34,1056,610,614,173,93,10,10,10,1
347,10,0,2.0709e-05,0,0.00226159,2.13594e-05,0.00230365,0.2,4,395,20,608,391,395,121,81,10,10,10,1
348,10,0,2.0709e-05,0,0.00226159,2.13594e-05,0.00230365,0.1,4,393,18,544,389,393,104,68,10,10,10,1
349,10,0,2.0709e-05,0,0.00226159,2.13594e-05,0.00230365,0,4,409,20,608,405,409,129,84,10,10,10,1
350,10,0,2.0709e-05,0,0.00226159,2.13594e-05,0.00230365,0.1,4,656,33,1024,652,656,158,96,10,10,10,1
351,10,0,2.0709e-05,0,0.00226159,2.13594e-05,0.00230365,0.3,4,487,24,736,483,487,112,58,10,10,10,1
352,10,0,2.0709e-05,0,0.00226159,2.13594e-05,0.00230365,0.1,4,562,28,864,558,562,147,79,10,10,10,1
353,10,0,2.0709e-05,0,0.00226159,2.13594e-05,0.00230365,0.1,4,429,21,640,425,429,120,76,10,10,10,1
354,10,0,2.0709e-05,0,0.00226159,2.13594e-05,0.00230365,0.6,4,593,28,864,589,593,156,107,10,10,10,1
355,10,0,2.0709e-05,0,0.00226159,2.13594e-05,0.00230365,0,4,366,17,512,362,366,96,67,10,10,10,1
356,10,0,2.0709e-05,0,0.00226159,2.13594e-05,0.00230365,0.4,4,462,22,672,458,462,152,101,10,10,10,1
357,10,0,2.0709e-05,0,0.00226159,2.13594e-05,0.00230365,0,4,257,13,384,253,257,68,49,10,10,10,1
358,10,0,2.0709e-05,0,0.00226159,2.13594e-05,0.00230365,0,4,676,31,960,672,676,154,79,10,10,10,1
359,10,0,2.0709e-05,0,0.00226159,2.13594e-05,0.00230365,0.3,4,583,27,832,579,583,168,90,10,10,10,1
360,10,0,2.0709e-05,0,0.00226159,2.13594e-05,0.00230365,0.1,4,373,20,608,369,373,140,98,10,10,10,1
361,10,0,2.0709e-05,0,0.00226159,2.13594e-05,0.00230365,0,4,500,22,672,496,500,110,65,10,10,10,1
362,10,0,2.0709e-05,0,0.00226159,2.13594e-05,0.00230365,0.1,4,456,24,736,452,456,136,72,10,10,10,1
363,10,0,2.0709e-05,0,0.00226159,2.13594e-05,0.00230365,0,4,451,23,704,447,451,137,97,10,10,10,1
364,10,0,2.0709e-05,0,0.00226159,2.13594e-05,0.00230365,0.2,4,492,22,672,488,492,139,92,10,10,10,1
365,10,0,2.0709e-05,0,0.00226159,2.13594e-05,0.00230365,0.4,4,424,19,576,420,424,128,88,10,10,10,1
366,10,0,2.0709e-05,0,0.00226159,2.13594e-05,0.00230365,0.1,4,407,21,640,403,407,144,100,10,10,10,1
367,10,0,2.0709e-05,0,0.00226159,2.13594e-05,0.00230365,0.1,4,725,35,1088,721,725,193,106,10,10,10,1
368,10,0,2.0709e-05,0,0.00226159,2.13594e-05,0.00230365,0.2,4,408,20,608,404,408,124,72,10,10,10,1
369,10,0,2.0709e-05,0,0.00226159,2.13594e-05,0.00230365,0,4,429,21,640,425,429,113,63,10,10,10,1
370,10,0,2.0709e-05,0,0.00226159,2.13594e-05,0.00230365,0.3,4,490,22,672,486,490,130,77,10,10,10,1
371,10,0,2.0709e-05,0,0.00226159,2.13594e-05,0.00230365,0.1,4,349,16,480,345,349,80,51,10,10,10,1
372,10,0,2.0709e-05,0,0.00226159,2.13594e-05,0.00230365,0.1,4,450,23,704,446,450,142,83,10,10,10,1
373,10,0,2.0709e-05,0,0.00226159,2.13594e-05,0.00230365,0.1,4,296,15,448,292,296,112,83,10,10,10,1
374,10,0,2.0709e-05,0,0.00226159,2.13594e-05,0.00230365,0.1,4,458,23,704,454,458,151,115,10,10,10,1
375,10,0,2.0709e-05,0,0.00226159,2.13594e-05,0.00230365,0.2,4,421,19,576,417,421,112,61,10,10,10,1
376,10,0,2.0709e-05,0,0.00226159,2.13594e-05,0.00230365,0,4,424,18,544,420,424,123,78,10,10,10,1
377,10,0,2.0709e-05,0,0.00226159,2.13594e-05,0.00230365,0,4,508,24,736,504,508,152,92,10,10,10,1
378,10,0,2.0709e-05,0,0.00226159,2.13594e-05,0.00230365,0.2,4,372,17,512,368,372,110,79,10,10,10,1
379,10,0,2.0709e-05,0,0.00226159,2.13594e-05,0.00230365,0,4,729,34,1056,725,729,174,84,10,10,10,1
380,10,0,2.0709e-05,0,0.00226159,2.13594e-05,0.00230365,0.2,4,305,16,480,301,305,118,89,10,10,10,1
381,10,0,2.0709e-05,0,0.00226159,2.13594e-05,0.00230365,0,4,311,16,480,307,311,76,38,10,10,10,1
382,10,0,2.0709e-05,0,0.00226159,2.13594e-05,0.00230365,0.1,4,388,18,544,384,388,123,80,10,10,10,1
383,10,0,2.0709e-05,0,0.00226159,2.13594e-05,0.00230365,0.1,4,417,19,576,413,417,118,86,10,10,10,1
384,10,0,2.0709e-05,0,0.00226159,2.13594e-05,0.00230365,0,4,419,19,576,415,419,114,67,10,10,10,1
385,10,0,2.0709e-05,0,0.00226159,2.13594e-05,0.00230365,0.1,4,472,19,576,468,472,125,92,10,10,10,1
386,10,0,2.0709e-05,0,0.00226159,2.13594e-05,0.00230365,0.3,4,414,21,640,410,414,104,68,10,10,10,1
387,10,0,2.0709e-05,0,0.00226159,2.13594e-05,0.00230365,0.2,4,431,20,608,427,431,114,72,10,10,10,1
388,10,0,2.0709e-05,0,0.00226159,2.13594e-05,0.00230365,0,4,499,25,768,495,499,152,81,10,10,10,1
389,10,0,2.0709e-05,0,0.00226159,2.13594e-05,0.00230365,0,4,451,22,672,447,451,115,77,10,10,10,1
390,10,0,2.0709e-05,0,0.00226159,2.13594e-05,0.00230365,0.1,4,743,31,960,739,743,157,76,10,10,10,1
391,10,0,2.0709e-05,0,0.00226159,2.13594e-05,0.00230365,0.2,4,408,21,640,404,408,108,67,10,10,10,1
392,10,0,2.0709e-05,0,0.00226159,2.13594e-05,0.00230365,0.1,4,718,33,1024,714,718,185,89,10,10,10,1
393,10,0,2.0709e-05,0,0.00226159,2.13594e-05,0.00230365,0.1,4,495,24,736,491,495,139,80,10,10,10,1
394,10,0,2.0709e-05,0,0.00226159,2.13594e-05,0.00230365,0.3,4,293,16,480,289,293,100,57,10,10,10,1
395,10,0,2.0709e-05,0,0.00226159,2.13594e-05,0.00230365,0.2,4,652,30,928,648,652,161,96,10,10,10,1
396,10,0,2.0709e-05,0,0.00226159,2.13594e-05,0.00230365,0.1,4,373,18,544,369,373,101,55,10,10,10,1
397,10,0,2.0709e-05,0,0.00226159,2.13594e-05,0.00230365,0.1,4,411,19,576,407,411,99,55,10,10,10,1
398,10,0,2.0709e-05,0,0.00226159,2.13594e-05,0.00230365,0.2,4,429,20,608,425,429,118,74,10,10,10,1
399,10,0,2.0709e-05,0,0.00226159,2.13594e-05,0.00230365,0.6,4,367,20,608,363,367,117,77,10,10,10,1
400,10,0,2.0709e-05,0,0.00226159,2.13594e-05,0.00230365,0.1,4,421,20,608,417,421,122,77,10,10,10,1
401,10,0,2.0709e-05,0,0.00226159,2.13594e-05,0.00230365,0,4,505,22,672,501,505,111,59,10,10,10,1
402,10,0,2.0709e-05,0,0.00226159,2.13594e-05,0.00230365,0,4,346,15,448,342,346,75,50,10,10,10,1
403,10,0,2.0709e-05,0,0.00226159,2.13594e-05,0.00230365,0,4,458,21,640,454,458,119,76,10,10,10,1
404,10,0,2.0709e-05,0,0.00226159,2.13594e-05,0.00230365,0.2,4,503,22,672,499,503,143,98,10,10,10,1
405,10,0,2.0709e-05,0,0.00226159,2.13594e-05,0.00230365,0,4,336,15,448,332,336,93,67,10,10,10,1
406,10,0,2.0709e-05,0,0.00226159,2.13594e-05,0.00230365,0,4,374,17,512,370,374,121,86,10,10,10,1
407,10,0,2.0709e-05,0,0.00226159,2.13594e-05,0.00230365,0.1,4,445,21,640,441,445,115,66,10,10,10,1
408,10,0,2.0709e-05,0,0.00226159,2.13594e-05,0.00230365,0.5,4,443,20,608,439,443,124,79,10,10,10,1
409,10,0,2.0709e-05,0,0.00226159,2.13594e-05,0.00230365,0.2,4,542,24,736,538,542,136,82,10,10,10,1
410,10,0,2.0709e-05,0,0.00226159,2.13594e-05,0.00230365,0.2,4,605,28,864,601,605,131,70,10,10,10,1
411,10,0,2.0709e-05,0,0.00226159,2.13594e-05,0.00230365,0.1,4,532,23,704,528,532,146,101,10,10,10,1
412,10,0,2.0709e-05,0,0.00226159,2.13594e-05,0.00230365,0.2,4,396,22,672,392,396,112,65,10,10,10,1
413,10,0,2.0709e-05,0,0.00226159,2.13594e-05,0.00230365,0.2,4,505,22,672,501,505,126,65,10,10,10,1
414,10,0,2.0709e-05,0,0.00226159,2.13594e-05,0.00230365,0.2,4,710,31,960,706,710,143,72,10,10,10,1
415,10,0,2.0709e-05,0,0.00226159,2.13594e-05,0.00230365,0,4,298,16,480,294,298,92,60,10,10,10,1
416,10,0,2.0709e-05,0,0.00226159,2.13594e-05,0.00230365,0.1,4,444,20,608,440,444,127,72,10,10,10,1
417,10,0,2.0709e-05,0,0.00226159,2.13594e-05,0.00230365,0.1,4,868,43,1344,864,868,183,81,10,10,10,1
418,10,0,2.0709e-05,0,0.00226159,2.13594e-05,0.00230365,0,4,383,19,576,379,383,118,80,10,10,10,1
419,10,0,2.0709e-05,0,0.00226159,2.13594e-05,0.00230365,0,4,442,19,576,438,442,122,69,10,10,10,1
420,10,0,2.0709e-05,0,0.00226159,2.13594e-05,0.00230365,0.2,4,456,24,736,452,456,151,88,10,10,10,1
421,10,0,2.0709e-05,0,0.00226159,2.13594e-05,0.00230365,0.1,4,541,26,800,537,541,139,87,10,10,10,1
422,10,0,2.0709e-05,0,0.00226159,2.13594e-05,0.00230365,0.3,4,457,22,672,453,457,136,90,10,10,10,1
423,10,0,2.0709e-05,0,0.00226159,2.13594e-05,0.00230365,0,4,419,20,608,415,419,133,93,10,10,10,1
424,10,0,2.0709e-05,0,0.00226159,2.13594e-05,0.00230365,0,4,447,20,608,443,447,111,72,10,10,10,1
425,10,0,2.0709e-05,0,0.00226159,2.13594e-05,0.00230365,0,4,449,21,640,445,449,122,77,10,10,10,1
426,10,0,2.0709e-05,0,0.00226159,2.13594e-05,0.00230365,0.1,4,563,27,832,559,563,155,91,10,10,10,1
427,10,0,2.0709e-05,0,0.00226159,2.13594e-05,0.00230365,0.1,4,325,16,480,321,325,92,64,10,10,10,1
428,10,0,2.0709e-05,0,0.00226159,2.13594e-05,0.00230365,0,4,485,23,704,481,485,125,65,10,10,10,1
429,10,0,2.0709e-05,0,0.00226159,2.13594e-05,0.00230365,0,4,362,17,512,358,362,106,58,10,10,10,1
430,10,0,2.0709e-05,0,0.00226159,2.13594e-05,0.00230365,0,4,555,25,768,551,555,159,100,10,10,10,1
431,10,0,2.0709e-05,0,0.00226159,2.13594e-05,0.00230365,0,4,529,24,736,525,529,129,71,10,10,10,1
432,10,0,2.0709e-05,0,0.00226159,2.13594e-05,0.00230365,0.3,4,375,20,608,371,375,122,67,10,10,10,1
433,10,0,2.0709e-05,0,0.00226159,2.13594e-05,0.00230365,0,4,363,20,608,359,363,104,52,10,10,10,1
434,10,0,2.0709e-05,0,0.00226159,2.13594e-05,0.00230365,0.3,4,651,31,960,647,651,156,87,10,10,10,1
435,10,0,2.0709e-05,0,0.00226159,2.13594e-05,0.00230365,0,4,407,21,640,403,407,111,68,10,10,10,1
436,10,0,2.0709e-05,0,0.00226159,2.13594e-05,0.00230365,0,4,421,20,608,417,421,114,69,10,10,10,1
437,10,0,2.0709e-05,0,0.00226159,2.13594e-05,0.00230365,0.5,4,530,23,704,526,530,128,66,10,10,10,1
438,10,0,2.0709e-05,0,0.00226159,2.13594e-05,0.00230365,0,4,485,22,672,481,485,134,80,10,10,10,1
439,10,0,2.0709e-05,0,0.00226159,2.13594e-05,0.00230365,0.3,4,337,18,544,333,337,103,66,10,10,10,1
440,10,0,2.0709e-05,0,0.00226159,2.13594e-05,0.00230365,0.5,4,552,26,800,548,552,152,102,10,10,10,1
441,10,0,2.0709e-05,0,0.00226159,2.13594e-05,0.00230365,0.1,4,464,28,864,460,464,146,90,10,10,10,1
442,10,0,2.0709e-05,0,0.00226159,2.13594e-05,0.00230365,0.1,4,503,24,736,499,503,140,92,10,10,10,1
443,10,0,2.0709e-05,0,0.00226159,2.13594e-05,0.00230365,0.1,4,518,26,800,514,518,134,65,10,10,10,1
444,10,0,2.0709e-05,0,0.00226159,2.13594e-05,0.00230365,0,4,583,27,832,579,583,132,72,10,10,10,1
445,10,0,2.0709e-05,0,0.00226159,2.13594e-05,0.00230365,0.1,4,521,25,768,517,521,133,79,10,10,10,1
446,10,0,2.0709e-05,0,0.00226159,2.13594e-05,0.00230365,0,4,375,19,576,371,375,112,77,10,10,10,1
447,10,0,2.0709e-05,0,0.00226159,2.13594e-05,0.00230365,0.2,4,469,20,608,465,469,127,72,10,10,10,1
448,10,0,2.0709e-05,0,0.00226159,2.13594e-05,0.00230365,0.1,4,520,26,800,516,520,131,76,10,10,10,1
449,10,0,2.0709e-05,0,0.00226159,2.13594e-05,0.00230365,0.4,4,411,22,672,407,411,137,93,10,10,10,1
450,10,0,2.0709e-05,0,0.00226159,2.13594e-05,0.00230365,0.2,4,432,21,640,428,432,130,84,10,10,10,1
451,10,0,2.0709e-05,0,0.00226159,2.13594e-05,0.00230365,0.1,4,412,19,576,408,412,113,65,10,10,10,1
452,10,0,2.0709e-05,0,0.00226159,2.13594e-05,0.00230365,0.1,4,706,31,960,702,706,156,81,10,10,10,1
453,10,0,2.0709e-05,0,0.00226159,2.13594e-05,0.00230365,0.1,4,651,30,928,647,651,136,56,10,10,10,1
454,10,0,2.0709e-05,0,0.00226159,2.13594e-05,0.00230365,0.1,4,525,24,736,521,525,131,83,10,10,10,1
455,10,0,2.0709e-05,0,0.00226159,2.13594e-05,0.00230365,0.1,4,436,18,544,432,436,109,74,10,10,10,1
456,10,0,2.0709e-05,0,0.00226159,2.13594e-05,0.00230365,0,4,331,18,544,327,331,115,82,10,10,10,1
457,10,0,2.0709e-05,0,0.00226159,2.13594e-05,0.00230365,0,4,354,16,480,350,354,102,64,10,10,10,1
458,10,0,2.0709e-05,0,0.00226159,2.13594e-05,0.00230365,0.1,4,371,19,576,367,371,128,81,10,10,10,1
459,10,0,2.0709e-05,0,0.00226159,2.13594e-05,0.00230365,0.2,4,498,23,704,494,498,148,92,10,10,10,1
460,10,0,2.0709e-05,0,0.00226159,2.13594e-05,0.00230365,0.1,4,449,21,640,445,449,125,77,10,10,10,1
461,10,0,2.0709e-05,0,0.00226159,2.13594e-05,0.00230365,0.3,4,611,27,832,607,611,148,84,10,10,10,1
462,10,0,2.0709e-05,0,0.00226159,2.13594e-05,0.00230365,0.2,4,438,22,672,434,438,148,99,10,10,10,1
463,10,0,2.0709e-05,0,0.00226159,2.13594e-05,0.00230365,0.1,4,394,19,576,390,394,130,99,10,10,10,1
464,10,0,2.0709e-05,0,0.00226159,2.13594e-05,0.00230365,0.3,4,505,25,768,501,505,152,93,10,10,10,1
465,10,0,2.0709e-05,0,0.00226159,2.13594e-05,0.00230365,0,4,314,16,480,310,314,110,83,10,10,10,1
466,10,0,2.0709e-05,0,0.00226159,2.13594e-05,0.00230365,0.1,4,496,21,640,492,496,128,83,10,10,10,1
467,10,0,2.0709e-05,0,0.00226159,2.13594e-05,0.00230365,0.4,4,483,21,640,479,483,149,91,10,10,10,1
468,10,0,2.0709e-05,0,0.00226159,2.13594e-05,0.00230365,0,4,311,14,416,307,311,87,57,10,10,10,1
469,10,0,2.0709e-05,0,0.00226159,2.13594e-05,0.00230365,0,4,434,20,608,430,434,127,90,10,10,10,1
470,10,0,2.0709e-05,0,0.00226159,2.13594e-05,0.00230365,0,4,418,19,576,414,418,134,101,10,10,10,1
471,10,0,2.0709e-05,0,0.00226159,2.13594e-05,0.00230365,0.1,4,366,16,480,362,366,112,76,10,10,10,1
472,10,0,2.0709e-05,0,0.00226159,2.13594e-05,0.00230365,0,4,424,22,672,420,424,124,76,10,10,10,1
473,10,0,2.0709e-05,0,0.00226159,2.13594e-05,0.00230365,0.4,4,448,24,736,444,448,156,100,10,10,10,1
474,10,0,2.0709e-05,0,0.00226159,2.13594e-05,0.00230365,0.4,4,416,20,608,412,416,105,54,10,10,10,1
475,10,0,2.0709e-05,0,0.00226159,2.13594e-05,0.00230365,0.5,4,350,19,576,346,350,119,88,10,10,10,1
476,10,0,2.0709e-05,0,0.00226159,2.13594e-05,0.00230365,0,4,344,17,512,340,344,111,83,10,10,10,1
477,10,0,2.0709e-05,0,0.00226159,2.13594e-05,0.00230365,0.3,4,633,32,992,629,633,168,96,10,10,10,1
478,10,0,2.0709e-05,0,0.00226159,2.13594e-05,0.00230365,0.4,4,313,17,512,309,313,128,102,10,10,10,1
479,10,0,2.0709e-05,0,0.00226159,2.13594e-05,0.00230365,0.2,4,406,21,640,402,406,122,78,10,10,10,1
480,10,0,2.0709e-05,0,0.00226159,2.13594e-05,0.00230365,0.6,4,336,20,608,332,336,168,136,10,10,10,1
481,10,0,2.0709e-05,0,0.00226159,2.13594e-05,0.00230365,0,4,324,17,512,320,324,116,87,10,10,10,1
482,10,0,2.0709e-05,0,0.00226159,2.13594e-05,0.00230365,0.1,4,419,21,640,415,419,150,110,10,10,10,1
483,10,0,2.0709e-05,0,0.00226159,2.13594e-05,0.00230365,0.2,4,611,26,800,607,611,146,79,10,10,10,1
484,10,0,2.0709e-05,0,0.00226159,2.13594e-05,0.00230365,0.3,4,699,34,1056,695,699,166,97,10,10,10,1
485,10,0,2.0709e-05,0,0.00226159,2.13594e-05,0.00230365,0.5,4,344,19,576,340,344,128,88,10,10,10,1
486,10,0,2.0709e-05,0,0.00226159,2.13594e-05,0.00230365,0.5,4,601,27,832,597,601,163,95,10,10,10,1
487,10,0,2.0709e-05,0,0.00226159,2.13594e-05,0.00230365,0.1,4,413,19,576,409,413,119,90,10,10,10,1
488,10,0,2.0709e-05,0,0.00226159,2.13594e-05,0.00230365,0.4,4,435,21,640,431,435,128,84,10,10,10,1
489,10,0,2.0709e-05,0,0.00226159,2.13594e-05,0.00230365,0,4,430,22,672,426,430,123,80,10,10,10,1
490,10,0,2.0709e-05,0,0.00226159,2.13594e-05,0.00230365,0.2,4,420,19,576,416,420,113,73,10,10,10,1
491,10,0,2.0709e-05,0,0.00226159,2.13594e-05,0.00230365,0.2,4,540,25,768,536,540,153,99,10,10,10,1
492,10,0,2.0709e-05,0,0.00226159,2.13594e-05,0.00230365,0.2,4,473,23,704,469,473,142,98,10,10,10,1
493,10,0,2.0709e-05,0,0.00226159,2.13594e-05,0.00230365,0.5,4,343,18,544,339,343,120,82,10,10,10,1
494,10,0,2.0709e-05,0,0.00226159,2.13594e-05,0.00230365,0.1,4,437,21,640,433,437,114,75,10,10,10,1
495,10,0,2.0709e-05,0,0.00226159,2.13594e-05,0.00230365,0.3,4,324,16,480,320,324,107,71,10,10,10,1
496,10,0,2.0709e-05,0,0.00226159,2.13594e-05,0.00230365,0.4,4,467,24,736,463,467,150,99,10,10,10,1
497,10,0,2.0709e-05,0,0.00226159,2.13594e-05,0.00230365,0.2,4,361,16,480,357,361,103,69,10,10,10,1
498,10,0,2.0709e-05,0,0.00226159,2.13594e-05,0.00230365,0.2,4,456,23,704,452,456,120,76,10,10,10,1
499,10,0,2.0709e-05,0,0.00226159,2.13594e-05,0.00230365,0.1,4,345,19,576,341,345,109,71,10,10,10,1
500,10,0,2.0709e-05,0,0.00226159,2.13594e-05,0.00230365,0,4,454,21,640,450,454,109,54,10,10,10,1
501,10,0,2.0709e-05,0,0.00226159,2.13594e-05,0.00230365,0.1,4,468,22,672,464,468,137,81,10,10,10,1
502,10,0,2.0709e-05,0,0.00226159,2.13594e-05,0.00230365,0.5,4,357,22,672,353,357,133,94,10,10,10,1
503,10,0,2.0709e-05,0,0.00226159,2.13594e-05,0.00230365,0.3,4,479,23,704,475,479,136,93,10,10,10,1
504,10,0,2.0709e-05,0,0.00226159,2.13594e-05,0.00230365,0.2,4,375,20,608,371,375,104,65,10,10,10,1
505,10,0,2.0709e-05,0,0.00226159,2.13594e-05,0.00230365,0.1,4,475,26,800,471,475,154,85,10,10,10,1
506,10,0,2.0709e-05,0,0.00226159,2.13594e-05,0.00230365,0.2,4,291,15,448,287,291,90,60,10,10,10,1
507,10,0,2.0709e-05,0,0.00226159,2.13594e-05,0.00230365,0.1,4,588,31,960,584,588,151,77,10,10,10,1
508,10,0,2.0709e-05,0,0.00226159,2.13594e-05,0.00230365,0,4,356,17,512,352,356,95,59,10,10,10,1
509,10,0,2.0709e-05,0,0.00226159,2.13594e-05,0.00230365,0.1,4,342,19,576,338,342,118,78,10,10,10,1
510,10,0,2.0709e-05,0,0.00226159,2.13594e-05,0.00230365,0.1,4,544,31,960,540,544,176,106,10,10,10,1
511,10,0,2.0709e-05,0,0.00226159,2.13594e-05,0.00230365,0,4,457,20,608,453,457,133,82,10,10,10,1
512,10,1,1.03914e-05,0,0.00211618,1.66025e-05,0.00214318,0,4,552,27,832,548,552,141,82,10,10,10,1
513,10,1,1.03914e-05,0,0.00211618,1.66025e-05,0.00214318,0.1,4,373,18,544,369,373,104,65,10,10,10,1
514,10,1,1.03914e-05,0,0.00211618,1.66025e-05,0.00214318,0.1,4,311,21,640,307,311,112,73,10,10,10,1
515,10,1,1.03914e-05,0,0.00211618,1.66025e-05,0.00214318,0.1,4,469,24,736,465,469,115,70,10,10,10,1
516,10,1,1.03914e-05,0,0.00211618,1.66025e-05,0.00214318,0.2,4,516,23,704,512,516,151,106,10,10,10,1
517,10,1,1.03914e-05,0,0.00211618,1.66025e-05,0.00214318,0,4,344,22,672,340,344,114,81,10,10,10,1
518,10,1,1.03914e-05,0,0.00211618,1.66025e-05,0.00214318,0.2,4,288,19,576,284,288,99,63,10,10,10,1
519,10,1,1.03914e-05,0,0.00211618,1.66025e-05,0.00214318,0,4,407,17,512,403,407,108,70,10,10,10,1
520,10,1,1.03914e-05,0,0.00211618,1.66025e-05,0.00214318,0.3,4,469,25,768,465,469,125,72,10,10,10,1
521,10,1,1.03914e-05,0,0.00211618,1.66025e-05,0.00214318,0.3,4,402,23,704,398,402,159,125,10,10,10,1
522,10,1,1.03914e-05,0,0.00211618,1.66025e-05,0.00214318,0,4,416,21,640,412,416,145,106,10,10,10,1
523,10,1,1.03914e-05,0,0.00211618,1.66025e-05,0.00214318,0.3,4,350,18,544,346,350,109,76,10,10,10,1
524,10,1,1.03914e-05,0,0.00211618,1.66025e-05,0.00214318,0,4,438,21,640,434,438,112,71,10,10,10,1
525,10,1,1.03914e-05,0,0.00211618,1.66025e-05,0.00214318,0.5,4,542,22,672,538,542,142,90,10,10,10,1
526,10,1,1.03914e-05,0,0.00211618,1.66025e-05,0.00214318,0.2,4,308,16,480,304,308,117,83,10,10,10,1
527,10,1,1.03914e-05,0,0.00211618,1.66025e-05,0.00214318,0.4,4,477,25,768,473,477,138,101,10,10,10,1
528,10,1,1.03914e-05,0,0.00211618,1.66025e-05,0.00214318,0,4,371,18,544,367,371,114,78,10,10,10,1
529,10,1,1.03914e-05,0,0.00211618,1.66025e-05,0.00214318,0,4,372,19,576,368,372,127,91,10,10,10,1
530,10,1,1.03914e-05,0,0.00211618,1.66025e-05,0.00214318,0,4,430,21,640,426,430,144,88,10,10,10,1
531,10,1,1.03914e-05,0,0.00211618,1.66025e-05,0.00214318,0,4,436,23,704,432,436,126,80,10,10,10,1
532,10,1,1.03914e-05,0,0.00211618,1.66025e-05,0.00214318,0.5,4,325,21,640,321,325,137,106,10,10,10,1
533,10,1,1.03914e-05,0,0.00211618,1.66025e-05,0.00214318,0.2,4,425,23,704,421,425,135,83,10,10,10,1
534,10,1,1.03914e-05,0,0.00211618,1.66025e-05,0.00214318,0.1,4,397,19,576,393,397,108,81,10,10,10,1
535,10,1,1.03914e-05,0,0.00211618,1.66025e-05,0.00214318,0.2,4,427,18,544,423,427,115,83,10,10,10,1
536,10,1,1.03914e-05,0,0.00211618,1.66025e-05,0.00214318,0.2,4,396,22,672,392,396,134,92,10,10,10,1
537,10,1,1.03914e-05,0,0.00211618,1.66025e-05,0.00214318,0,4,675,31,960,671,675,165,89,10,10,10,1
538,10,1,1.03914e-05,0,0.00211618,1.66025e-05,0.00214318,0,4,536,24,736,532,536,129,79,10,10,10,1
539,10,1,1.03914e-05,0,0.00211618,1.66025e-05,0.00214318,0.1,4,461,20,608,457,461,122,89,10,10,10,1
540,10,1,1.03914e-05,0,0.00211618,1.66025e-05,0.00214318,0.6,4,511,25,768,507,511,149,87,10,10,10,1
541,10,1,1.03914e-05,0,0.00211618,1.66025e-05,0.00214318,0.1,4,530,25,768,526,530,135,64,10,10,10,1
542,10,1,1.03914e-05,0,0.00211618,1.66025e-05,0.00214318,0,4,514,22,672,510,514,140,102,10,10,10,1
543,10,1,1.03914e-05,0,0.00211618,1.66025e-05,0.00214318,0,4,369,18,544,365,369,116,82,10,10,10,1
544,10,1,1.03914e-05,0,0.00211618,1.66025e-05,0.00214318,0.2,4,366,20,608,362,366,101,66,10,10,10,1
545,10,1,1.03914e-05,0,0.00211618,1.66025e-05,0.00214318,0.2,4,496,24,736,492,496,153,99,10,10,10,1
546,10,1,1.03914e-05,0,0.00211618,1.66025e-05,0.00214318,0,4,651,29,896,647,651,133,72,10,10,10,1
547,10,1,1.03914e-05,0,0.00211618,1.66025e-05,0.00214318,0,4,595,25,768,591,595,152,91,10,10,10,1
548,10,1,1.03914e-05,0,0.00211618,1.66025e-05,0.00214318,0,4,550,28,864,546,550,159,93,10,10,10,1
549,10,1,1.03914e-05,0,0.00211618,1.66025e-05,0.00214318,0.3,4,407,21,640,403,407,113,71,10,10,10,1
550,10,1,1.03914e-05,0,0.00211618,1.66025e-05,0.00214318,0.2,4,350,17,512,346,350,89,57,10,10,10,1
551,10,1,1.03914e-05,0,0.00211618,1.66025e-05,0.00214318,0.2,4,468,21,640,464,468,128,80,10,10,10,1
552,10,1,1.03914e-05,0,0.00211618,1.66025e-05,0.00214318,0.3,4,355,17,512,351,355,102,72,10,10,10,1
553,10,1,1.03914e-05,0,0.00211618,1.66025e-05,0.00214318,0.2,4,453,21,640,449,453,123,79,10,10,10,1
554,10,1,1.03914e-05,0,0.00211618,1.66025e-05,0.00214318,0,4,375,19,576,371,375,135,90,10,10,10,1
555,10,1,1.03914e-05,0,0.00211618,1.66025e-05,0.00214318,0.1,4,546,26,800,542,546,144,100,10,10,10,1
556,10,1,1.03914e-05,0,0.00211618,1.66025e-05,0.00214318,0.1,4,501,24,736,497,501,137,69,10,10,10,1
557,10,1,1.03914e-05,0,0.00211618,1.66025e-05,0.00214318,0.4,4,436,21,640,432,436,138,89,10,10,10,1
558,10,1,1.03914e-05,0,0.00211618,1.66025e-05,0.00214318,0.2,4,474,23,704,470,474,97,51,10,10,10,1
559,10,1,1.03914e-05,0,0.00211618,1.66025e-05,0.00214318,0.3,4,653,30,928,649,653,168,103,10,10,10,1
560,10,1,1.03914e-05,0,0.00211618,1.66025e-05,0.00214318,0,4,417,21,640,413,417,147,110,10,10,10,1
561,10,1,1.03914e-05,0,0.00211618,1.66025e-05,0.00214318,0.3,4,462,23,704,458,462,142,96,10,10,10,1
562,10,1,1.03914e-05,0,0.00211618,1.66025e-05,0.00214318,0.1,4,401,22,672,397,401,117,68,10,10,10,1
563,10,1,1.03914e-05,0,0.00211618,1.66025e-05,0.00214318,0,4,434,18,544,430,434,104,61,10,10,10,1
564,10,1,1.03914e-05,0,0.00211618,1.66025e-05,0.00214318,0,4,410,19,576,406,410,133,85,10,10,10,1
565,10,1,1.03914e-05,0,0.00211618,1.66025e-05,0.00214318,0.1,4,813,37,1152,809,813,182,82,10,10,10,1
566,10,1,1.03914e-05,0,0.00211618,1.66025e-05,0.00214318,0,4,477,24,736,473,477,126,78,10,10,10,1
567,10,1,1.03914e-05,0,0.00211618,1.66025e-05,0.00214318,0.2,4,421,20,608,417,421,128,89,10,10,10,1
568,10,1,1.03914e-05,0,0.00211618,1.66025e-05,0.00214318,0.3,4,551,24,736,547,551,128,80,10,10,10,1
569,10,1,1.03914e-05,0,0.00211618,1.66025e-05,0.00214318,0.6,4,572,31,960,568,572,185,120,10,10,10,1
570,10,1,1.03914e-05,0,0.00211618,1.66025e-05,0.00214318,0.4,4,463,22,672,459,463,147,93,10,10,10,1
571,10,1,1.03914e-05,0,0.00211618,1.66025e-05,0.00214318,0.2,4,355,16,480,351,355,96,69,10,10,10,1
572,10,1,1.03914e-05,0,0.00211618,1.66025e-05,0.00214318,0,4,579,26,800,575,579,135,78,10,10,10,1
573,10,1,1.03914e-05,0,0.00211618,1.66025e-05,0.00214318,0,4,471,20,608,467,471,125,68,10,10,10,1
574,10,1,1.03914e-05,0,0.00211618,1.66025e-05,0.00214318,0.2,4,305,17,512,301,305,93,55,10,10,10,1
575,10,1,1.03914e-05,0,0.00211618,1.66025e-05,0.00214318,0.1,4,416,20,608,412,416,110,60,10,10,10,1
576,10,1,1.03914e-05,0,0.00211618,1.66025e-05,0.00214318,0.1,4,409,19,576,405,409,105,64,10,10,10,1
577,10,1,1.03914e-05,0,0.00211618,1.66025e-05,0.00214318,0.3,4,584,26,800,580,584,172,122,10,10,10,1
578,10,1,1.03914e-05,0,0.00211618,1.66025e-05,0.00214318,0.2,4,435,22,672,431,435,141,89,10,10,10,1
579,10,1,1.03914e-05,0,0.00211618,1.66025e-05,0.00214318,0.1,4,611,30,928,607,611,173,112,10,10,10,1
580,10,1,1.03914e-05,0,0.00211618,1.66025e-05,0.00214318,0.2,4,420,21,640,416,420,107,61,10,10,10,1
581,10,1,1.03914e-05,0,0.00211618,1.66025e-05,0.00214318,0.1,4,535,27,832,531,535,140,83,10,10,10,1
582,10,1,1.03914e-05,0,0.00211618,1.66025e-05,0.00214318,0.1,4,344,17,512,340,344,115,83,10,10,10,1
583,10,1,1.03914e-05,0,0.00211618,1.66025e-05,0.00214318,0,4,376,18,544,372,376,96,62,10,10,10,1
584,10,1,1.03914e-05,0,0.00211618,1.66025e-05,0.00214318,0.1,4,513,23,704,509,513,126,70,10,10,10,1
585,10,1,1.03914e-05,0,0.00211618,1.66025e-05,0.00214318,0.3,4,365,18,544,361,365,120,83,10,10,10,1
586,10,1,1.03914e-05,0,0.00211618,1.66025e-05,0.00214318,0.3,4,394,19,576,390,394,111,68,10,10,10,1
587,10,1,1.03914e-05,0,0.00211618,1.66025e-05,0.00214318,0,4,555,27,832,551,555,129,67,10,10,10,1
588,10,1,1.03914e-05,0,0.00211618,1.66025e-05,0.00214318,0,4,448,20,608,444,448,109,58,10,10,10,1
589,10,1,1.03914e-05,0,0.00211618,1.66025e-05,0.00214318,0.1,4,488,24,736,484,488,117,68,10,10,10,1
590,10,1,1.03914e-05,0,0.00211618,1.66025e-05,0.00214318,0,4,441,24,736,437,441,150,104,10,10,10,1
591,10,1,1.03914e-05,0,0.00211618,1.66025e-05,0.00214318,0.4,4,431,22,672,427,431,103,56,10,10,10,1
592,10,1,1.03914e-05,0,0.00211618,1.66025e-05,0.00214318,0.2,4,430,21,640,426,430,117,83,10,10,10,1
593,10,1,1.03914e-05,0,0.00211618,1.66025e-05,0.00214318,0,4,336,16,480,332,336,118,86,10,10,10,1
594,10,1,1.03914e-05,0,0.00211618,1.66025e-05,0.00214318,0.2,4,414,24,736,410,414,147,93,10,10,10,1
595,10,1,1.03914e-05,0,0.00211618,1.66025e-05,0.00214318,0.4,4,397,21,640,393,397,124,82,10,10,10,1
596,10,1,1.03914e-05,0,0.00211618,1.66025e-05,0.00214318,0.4,4,407,21,640,403,407,115,75,10,10,10,1
597,10,1,1.03914e-05,0,0.00211618,1.66025e-05,0.00214318,0.6,4,419,22,672,415,419,139,91,10,10,10,1
598,10,1,1.03914e-05,0,0.00211618,1.66025e-05,0.00214318,0.3,4,403,20,608,399,403,110,67,10,10,10,1
599,10,1,1.03914e-05,0,0.00211618,1.66025e-05,0.00214318,0.1,4,464,23,704,460,464,138,83,10,10,10,1
600,10,1,1.03914e-05,0,0.00211618,1.66025e-05,0.00214318,0.1,4,480,22,672,476,480,135,89,10,10,10,1
601,10,1,1.03914e-05,0,0.00211618,1.66025e-05,0.00214318,0.5,4,357,16,480,353,357,104,73,10,10,10,1
602,10,1,1.03914e-05,0,0.00211618,1.66025e-05,0.00214318,0,4,449,20,608,445,449,121,89,10,10,10,1
603,10,1,1.03914e-05,0,0.00211618,1.66025e-05,0.00214318,0,4,520,23,704,516,520,144,94,10,10,10,1
604,10,1,1.03914e-05,0,0.00211618,1.66025e-05,0.00214318,0.1,4,351,15,448,347,351,85,56,10,10,10,1
605,10,1,1.03914e-05,0,0.00211618,1.66025e-05,0.00214318,0.2,4,482,24,736,478,482,138,95,10,10,10,1
606,10,1,1.03914e-05,0,0.00211618,1.66025e-05,0.00214318,0,4,423,19,576,419,423,116,71,10,10,10,1
607,10,1,1.03914e-05,0,0.00211618,1.66025e-05,0.00214318,0.3,4,579,26,800,575,579,153,95,10,10,10,1
608,10,1,1.03914e-05,0,0.00211618,1.66025e-05,0.00214318,0.1,4,407,21,640,403,407,111,70,10,10,10,1
609,10,1,1.03914e-05,0,0.00211618,1.66025e-05,0.00214318,0.2,4,467,23,704,463,467,142,89,10,10,10,1
610,10,1,1.03914e-05,0,0.00211618,1.66025e-05,0.00214318,0.2,4,694,32,992,690,694,171,74,10,10,10,1
611,10,1,1.03914e-05,0,0.00211618,1.66025e-05,0.00214318,0.1,4,503,23,704,499,503,133,85,10,10,10,1
612,10,1,1.03914e-05,0,0.00211618,1.66025e-05,0.00214318,0.1,4,608,30,928,604,608,146,69,10,10,10,1
613,10,1,1.03914e-05,0,0.00211618,1.66025e-05,0.00214318,0,4,335,18,544,331,335,112,76,10,10,10,1
614,10,1,1.03914e-05,0,0.00211618,1.66025e-05,0.00214318,0.1,4,321,18,544,317,321,105,62,10,10,10,1
615,10,1,1.03914e-05,0,0.00211618,1.66025e-05,0.00214318,0.1,4,651,31,960,647,651,160,90,10,10,10,1
616,10,1,1.03914e-05,0,0.00211618,1.66025e-05,0.00214318,0.2,4,581,26,800,577,581,142,95,10,10,10,1
617,10,1,1.03914e-05,0,0.00211618,1.66025e-05,0.00214318,0.1,4,435,19,576,431,435,120,81,10,10,10,1
618,10,1,1.03914e-05,0,0.00211618,1.66025e-05,0.00214318,0,4,792,40,1248,788,792,212,106,10,10,10,1
619,10,1,1.03914e-05,0,0.00211618,1.66025e-05,0.00214318,0.1,4,499,24,736,495,499,110,57,10,10,10,1
620,10,1,1.03914e-05,0,0.00211618,1.66025e-05,0.00214318,0,4,308,17,512,304,308,108,68,10,10,10,1
621,10,1,1.03914e-05,0,0.00211618,1.66025e-05,0.00214318,0.5,4,511,26,800,507,511,148,95,10,10,10,1
622,10,1,1.03914e-05,0,0.00211618,1.66025e-05,0.00214318,0.1,4,458,27,832,454,458,140,84,10,10,10,1
623,10,1,1.03914e-05,0,0.00211618,1.66025e-05,0.00214318,0.4,4,321,20,608,317,321,126,93,10,10,10,1
624,10,1,1.03914e-05,0,0.00211618,1.66025e-05,0.00214318,0.6,4,381,19,576,377,381,123,86,10,10,10,1
625,10,1,1.03914e-05,0,0.00211618,1.66025e-05,0.00214318,0.3,4,239,18,544,235,239,113,81,10,10,10,1
626,10,1,1.03914e-05,0,0.00211618,1.66025e-05,0.00214318,0.2,4,395,18,544,391,395,152,122,10,10,10,1
627,10,1,1.03914e-05,0,0.00211618,1.66025e-05,0.00214318,0.3,4,405,25,768,401,405,134,88,10,10,10,1
628,10,1,1.03914e-05,0,0.00211618,1.66025e-05,0.00214318,0.6,4,212,15,448,208,212,89,62,10,10,10,1
629,10,1,1.03914e-05,0,0.00211618,1.66025e-05,0.00214318,0.5,4,386,25,768,382,386,149,102,10,10,10,1
630,10,1,1.03914e-05,0,0.00211618,1.66025e-05,0.00214318,0.7,4,566,32,992,562,566,201,136,10,10,10,1
631,10,1,1.03914e-05,0,0.00211618,1.66025e-05,0.00214318,0.1,4,329,22,672,325,329,131,89,10,10,10,1
632,10,1,1.03914e-05,0,0.00211618,1.66025e-05,0.00214318,0.7,4,341,20,608,337,341,143,107,10,10,10,1
633,10,1,1.03914e-05,0,0.00211618,1.66025e-05,0.00214318,0.5,4,335,23,704,331,335,145,115,10,10,10,1
634,10,1,1.03914e-05,0,0.00211618,1.66025e-05,0.00214318,0.5,4,339,20,608,335,339,142,109,10,10,10,1
635,10,1,1.03914e-05,0,0.00211618,1.66025e-05,0.00214318,0.4,4,371,21,640,367,371,153,116,10,10,10,1
636,10,1,1.03914e-05,0,0.00211618,1.66025e-05,0.00214318,0.3,4,368,20,608,364,368,122,81,10,10,10,1
637,10,1,1.03914e-05,0,0.00211618,1.66025e-05,0.00214318,0.1,4,309,17,512,305,309,103,72,10,10,10,1
638,10,1,1.03914e-05,0,0.00211618,1.66025e-05,0.00214318,0.5,4,499,24,736,495,499,170,116,10,10,10,1
639,10,1,1.03914e-05,0,0.00211618,1.66025e-05,0.00214318,0.7,4,320,18,544,316,320,124,94,10,10,10,1
640,10,1,1.03914e-05,0,0.00211618,1.66025e-05,0.00214318,0.3,4,414,20,608,410,414,141,109,10,10,10,1
641,10,1,1.03914e-05,0,0.00211618,1.66025e-05,0.00214318,0.1,4,397,19,576,393,397,140,105,10,10,10,1
642,10,1,1.03914e-05,0,0.00211618,1.66025e-05,0.00214318,0.5,4,329,21,640,325,329,145,109,10,10,10,1
643,10,1,1.03914e-05,0,0.00211618,1.66025e-05,0.00214318,0.1,4,316,16,480,312,316,98,65,10,10,10,1
644,10,1,1.03914e-05,0,0.00211618,1.66025e-05,0.00214318,0.2,4,326,17,512,322,326,101,61,10,10,10,1
645,10,1,1.03914e-05,0,0.00211618,1.66025e-05,0.00214318,0,4,363,17,512,359,363,101,69,10,10,10,1
646,10,1,1.03914e-05,0,0.00211618,1.66025e-05,0.00214318,0.2,4,373,18,544,369,373,97,74,10,10,10,1
647,10,1,1.03914e-05,0,0.00211618,1.66025e-05,0.00214318,0,4,378,18,544,374,378,93,50,10,10,10,1
648,10,1,1.03914e-05,0,0.00211618,1.66025e-05,0.00214318,0.3,4,285,16,480,281,285,110,71,10,10,10,1
649,10,1,1.03914e-05,0,0.00211618,1.66025e-05,0.00214318,0.1,4,720,35,1088,716,720,185,98,10,10,10,1
650,10,1,1.03914e-05,0,0.00211618,1.66025e-05,0.00214318,0.3,4,816,41,1280,812,816,196,95,10,10,10,1
651,10,1,1.03914e-05,0,0.00211618,1.66025e-05,0.00214318,0.3,4,522,28,864,518,522,179,123,10,10,10,1
652,10,1,1.03914e-05,0,0.00211618,1.66025e-05,0.00214318,0.2,4,473,28,864,469,473,165,111,10,10,10,1
653,10,1,1.03914e-05,0,0.00211618,1.66025e-05,0.00214318,0.3,4,353,18,544,349,353,98,70,10,10,10,1
654,10,1,1.03914e-05,0,0.00211618,1.66025e-05,0.00214318,0,4,338,18,544,334,338,112,77,10,10,10,1
655,10,1,1.03914e-05,0,0.00211618,1.66025e-05,0.00214318,0.2,4,468,23,704,464,468,146,103,10,10,10,1
656,10,1,1.03914e-05,0,0.00211618,1.66025e-05,0.00214318,0.1,4,462,24,736,458,462,126,77,10,10,10,1
657,10,1,1.03914e-05,0,0.00211618,1.66025e-05,0.00214318,0.2,4,374,18,544,370,374,113,79,10,10,10,1
658,10,1,1.03914e-05,0,0.00211618,1.66025e-05,0.00214318,0.4,4,280,19,576,276,280,138,107,10,10,10,1
659,10,1,1.03914e-05,0,0.00211618,1.66025e-05,0.00214318,0.2,4,438,24,736,434,438,161,111,10,10,10,1
660,10,1,1.03914e-05,0,0.00211618,1.66025e-05,0.00214318,0.3,4,450,24,736,446,450,156,110,10,10,10,1
661,10,1,1.03914e-05,0,0.00211618,1.66025e-05,0.00214318,0.3,4,482,23,704,478,482,124,75,10,10,10,1
662,10,1,1.03914e-05,0,0.00211618,1.66025e-05,0.00214318,0.1,4,308,16,480,304,308,97,76,10,10,10,1
663,10,1,1.03914e-05,0,0.00211618,1.66025e-05,0.00214318,0.1,4,416,22,672,412,416,136,84,10,10,10,1
664,10,1,1.03914e-05,0,0.00211618,1.66025e-05,0.00214318,0,4,593,29,896,589,593,155,75,10,10,10,1
665,10,1,1.03914e-05,0,0.00211618,1.66025e-05,0.00214318,0.2,4,520,27,832,516,520,156,94,10,10,10,1
666,10,1,1.03914e-05,0,0.00211618,1.66025e-05,0.00214318,0,4,497,23,704,493,497,130,79,10,10,10,1
667,10,1,1.03914e-05,0,0.00211618,1.66025e-05,0.00214318,0.1,4,397,22,672,393,397,143,104,10,10,10,1
668,10,1,1.03914e-05,0,0.00211618,1.66025e-05,0.00214318,0.3,4,362,20,608,358,362,129,92,10,10,10,1
669,10,1,1.03914e-05,0,0.00211618,1.66025e-05,0.00214318,0,4,551,24,736,547,551,150,93,10,10,10,1
670,10,1,1.03914e-05,0,0.00211618,1.66025e-05,0.00214318,0,4,259,15,448,255,259,82,55,10,10,10,1
671,10,1,1.03914e-05,0,0.00211618,1.66025e-05,0.00214318,0.1,4,499,24,736,495,499,168,125,10,10,10,1
672,10,1,1.03914e-05,0,0.00211618,1.66025e-05,0.00214318,0.6,4,404,22,672,400,404,158,109,10,10,10,1
673,10,1,1.03914e-05,0,0.00211618,1.66025e-05,0.00214318,0.4,4,428,25,768,424,428,153,95,10,10,10,1
674,10,1,1.03914e-05,0,0.00211618,1.66025e-05,0.00214318,0.2,4,381,21,640,377,381,154,101,10,10,10,1
675,10,1,1.03914e-05,0,0.00211618,1.66025e-05,0.00214318,0.3,4,457,23,704,453,457,132,85,10,10,10,1
676,10,1,1.03914e-05,0,0.00211618,1.66025e-05,0.00214318,0.2,4,457,24,736,453,457,142,88,10,10,10,1
677,10,1,1.03914e-05,0,0.00211618,1.66025e-05,0.00214318,0.5,4,366,19,576,362,366,130,97,10,10,10,1
678,10,1,1.03914e-05,0,0.00211618,1.66025e-05,0.00214318,0.1,4,464,27,832,460,464,166,117,10,10,10,1
679,10,1,1.03914e-05,0,0.00211618,1.66025e-05,0.00214318,0,4,469,24,736,465,469,119,70,10,10,10,1
680,10,1,1.03914e-05,0,0.00211618,1.66025e-05,0.00214318,0.1,4,331,16,480,327,331,104,67,10,10,10,1
681,10,1,1.03914e-05,0,0.00211618,1.66025e-05,0.00214318,0.3,4,332,20,608,328,332,97,42,10,10,10,1
682,10,1,1.03914e-05,0,0.00211618,1.66025e-05,0.00214318,0.4,4,456,22,672,452,456,130,81,10,10,10,1
683,10,1,1.03914e-05,0,0.00211618,1.66025e-05,0.00214318,0.1,4,395,19,576,391,395,105,62,10,10,10,1
684,10,1,1.03914e-05,0,0.00211618,1.66025e-05,0.00214318,0.4,4,475,28,864,471,475,133,78,10,10,10,1
685,10,1,1.03914e-05,0,0.00211618,1.66025e-05,0.00214318,0.1,4,604,27,832,600,604,151,82,10,10,10,1
686,10,1,1.03914e-05,0,0.00211618,1.66025e-05,0.00214318,0.5,4,334,19,576,330,334,130,94,10,10,10,1
687,10,1,1.03914e-05,0,0.00211618,1.66025e-05,0.00214318,0.3,4,360,18,544,356,360,128,91,10,10,10,1
688,10,1,1.03914e-05,0,0.00211618,1.66025e-05,0.00214318,0.5,4,309,17,512,305,309,120,87,10,10,10,1
689,10,1,1.03914e-05,0,0.00211618,1.66025e-05,0.00214318,0.7,4,410,22,672,406,410,140,102,10,10,10,1
690,10,1,1.03914e-05,0,0.00211618,1.66025e-05,0.00214318,0.1,4,355,17,512,351,355,104,69,10,10,10,1
691,10,1,1.03914e-05,0,0.00211618,1.66025e-05,0.00214318,0.1,4,418,21,640,414,418,132,83,10,10,10,1
692,10,1,1.03914e-05,0,0.00211618,1.66025e-05,0.00214318,0.4,4,564,29,896,560,564,149,80,10,10,10,1
693,10,1,1.03914e-05,0,0.00211618,1.66025e-05,0.00214318,0.1,4,489,23,704,485,489,124,71,10,10,10,1
694,10,1,1.03914e-05,0,0.00211618,1.66025e-05,0.00214318,0.2,4,389,18,544,385,389,141,108,10,10,10,1
695,10,1,1.03914e-05,0,0.00211618,1.66025e-05,0.00214318,0.1,4,497,26,800,493,497,159,101,10,10,10,1
696,10,1,1.03914e-05,0,0.00211618,1.66025e-05,0.00214318,0.3,4,335,19,576,331,335,110,74,10,10,10,1
697,10,1,1.03914e-05,0,0.00211618,1.66025e-05,0.00214318,0.5,4,554,30,928,550,554,171,118,10,10,10,1
698,10,1,1.03914e-05,0,0.00211618,1.66025e-05,0.00214318,0,4,387,22,672,383,387,155,126,10,10,10,1
699,10,1,1.03914e-05,0,0.00211618,1.66025e-05,0.00214318,0.5,4,444,27,832,440,444,152,107,10,10,10,1
700,10,1,1.03914e-05,0,0.00211618,1.66025e-05,0.00214318,0.6,4,369,21,640,365,369,123,82,10,10,10,1
701,10,1,1.03914e-05,0,0.00211618,1.66025e-05,0.00214318,0,4,582,27,832,578,582,126,79,10,10,10,1
702,10,1,1.03914e-05,0,0.00211618,1.66025e-05,0.00214318,0.1,4,494,27,832,490,494,137,82,10,10,10,1
703,10,1,1.03914e-05,0,0.00211618,1.66025e-05,0.00214318,0.1,4,333,15,448,329,333,100,66,10,10,10,1
704,10,1,1.03914e-05,0,0.00211618,1.66025e-05,0.00214318,0.4,4,549,30,928,545,549,139,68,10,10,10,1
705,10,1,1.03914e-05,0,0.00211618,1.66025e-05,0.00214318,0,4,447,23,704,443,447,127,77,10,10,10,1
706,10,1,1.03914e-05,0,0.00211618,1.66025e-05,0.00214318,0.2,4,357,19,576,353,357,86,53,10,10,10,1
707,10,1,1.03914e-05,0,0.00211618,1.66025e-05,0.00214318,0,4,411,21,640,407,411,127,83,10,10,10,1
708,10,1,1.03914e-05,0,0.00211618,1.66025e-05,0.00214318,0.3,4,376,20,608,372,376,116,77,10,10,10,1
709,10,1,1.03914e-05,0,0.00211618,1.66025e-05,0.00214318,0.2,4,345,19,576,341,345,134,104,10,10,10,1
710,10,1,1.03914e-05,0,0.00211618,1.66025e-05,0.00214318,0.4,4,345,17,512,341,345,108,75,10,10,10,1
711,10,1,1.03914e-05,0,0.00211618,1.66025e-05,0.00214318,0,4,614,26,800,610,614,126,73,10,10,10,1
712,10,1,1.03914e-05,0,0.00211618,1.66025e-05,0.00214318,0.2,4,405,18,544,401,405,122,87,10,10,10,1
713,10,1,1.03914e-05,0,0.00211618,1.66025e-05,0.00214318,0,4,441,20,608,437,441,125,80,10,10,10,1
714,10,1,1.03914e-05,0,0.00211618,1.66025e-05,0.00214318,0,4,441,18,544,437,441,122,86,10,10,10,1
715,10,1,1.03914e-05,0,0.00211618,1.66025e-05,0.00214318,0,4,438,20,608,434,438,111,54,10,10,10,1
716,10,1,1.03914e-05,0,0.00211618,1.66025e-05,0.00214318,0.2,4,440,21,640,436,440,160,110,10,10,10,1
717,10,1,1.03914e-05,0,0.00211618,1.66025e-05,0.00214318,0,4,476,22,672,472,476,153,105,10,10,10,1
718,10,1,1.03914e-05,0,0.00211618,1.66025e-05,0.00214318,0.2,4,540,26,800,536,540,132,74,10,10,10,1
719,10,1,1.03914e-05,0,0.00211618,1.66025e-05,0.00214318,0.1,4,361,16,480,357,361,109,72,10,10,10,1
720,10,1,1.03914e-05,0,0.00211618,1.66025e-05,0.00214318,0,4,354,16,480,350,354,105,74,10,10,10,1
721,10,1,1.03914e-05,0,0.00211618,1.66025e-05,0.00214318,0.3,4,506,23,704,502,506,129,83,10,10,10,1
722,10,1,1.03914e-05,0,0.00211618,1.66025e-05,0.00214318,0,4,459,19,576,455,459,123,84,10,10,10,1
723,10,1,1.03914e-05,0,0.00211618,1.66025e-05,0.00214318,0,4,559,26,800,555,559,139,77,10,10,10,1
724,10,1,1.03914e-05,0,0.00211618,1.66025e-05,0.00214318,0.1,4,507,22,672,503,507,146,98,10,10,10,1
725,10,1,1.03914e-05,0,0.00211618,1.66025e-05,0.00214318,0,4,421,19,576,417,421,135,91,10,10,10,1
726,10,1,1.03914e-05,0,0.00211618,1.66025e-05,0.00214318,0.3,4,377,18,544,373,377,122,87,10,10,10,1
727,10,1,1.03914e-05,0,0.00211618,1.66025e-05,0.00214318,0.2,4,573,26,800,569,573,147,90,10,10,10,1
728,10,1,1.03914e-05,0,0.00211618,1.66025e-05,0.00214318,0,4,472,25,768,468,472,139,82,10,10,10,1
729,10,1,1.03914e-05,0,0.00211618,1.66025e-05,0.00214318,0,4,504,24,736,500,504,141,80,10,10,10,1
730,10,1,1.03914e-05,0,0.00211618,1.66025e-05,0.00214318,0,4,609,25,768,605,609,133,80,10,10,10,1
731,10,1,1.03914e-05,0,0.00211618,1.66025e-05,0.00214318,0,4,277,17,512,273,277,93,60,10,10,10,1
732,10,1,1.03914e-05,0,0.00211618,1.66025e-05,0.00214318,0.4,4,360,19,576,356,360,118,75,10,10,10,1
733,10,1,1.03914e-05,0,0.00211618,1.66025e-05,0.00214318,0.1,4,368,21,640,364,368,137,106,10,10,10,1
734,10,1,1.03914e-05,0,0.00211618,1.66025e-05,0.00214318,0,4,406,20,608,402,406,119,69,10,10,10,1
735,10,1,1.03914e-05,0,0.00211618,1.66025e-05,0.00214318,0,4,484,21,640,480,484,127,86,10,10,10,1
736,10,1,1.03914e-05,0,0.00211618,1.66025e-05,0.00214318,0,4,572,24,736,568,572,164,111,10,10,10,1
737,10,1,1.03914e-05,0,0.00211618,1.66025e-05,0.00214318,0,4,492,23,704,488,492,129,79,10,10,10,1
738,10,1,1.03914e-05,0,0.00211618,1.66025e-05,0.00214318,0.1,4,344,18,544,340,344,129,94,10,10,10,1
739,10,1,1.03914e-05,0,0.00211618,1.66025e-05,0.00214318,0.3,4,560,27,832,556,560,149,84,10,10,10,1
740,10,1,1.03914e-05,0,0.00211618,1.66025e-05,0.00214318,0.2,4,544,27,832,540,544,174,113,10,10,10,1
741,10,1,1.03914e-05,0,0.00211618,1.66025e-05,0.00214318,0,4,444,20,608,440,444,133,93,10,10,10,1
742,10,1,1.03914e-05,0,0.00211618,1.66025e-05,0.00214318,0.2,4,426,22,672,422,426,154,103,10,10,10,1
743,10,1,1.03914e-05,0,0.00211618,1.66025e-05,0.00214318,0.5,4,407,22,672,403,407,151,114,10,10,10,1
744,10,1,1.03914e-05,0,0.00211618,1.66025e-05,0.00214318,0,4,359,16,480,355,359,101,62,10,10,10,1
745,10,1,1.03914e-05,0,0.00211618,1.66025e-05,0.00214318,0.3,4,687,34,1056,683,687,203,124,10,10,10,1
746,10,1,1.03914e-05,0,0.00211618,1.66025e-05,0.00214318,0,4,324,16,480,320,324,115,79,10,10,10,1
747,10,1,1.03914e-05,0,0.00211618,1.66025e-05,0.00214318,0.1,4,464,23,704,460,464,117,59,10,10,10,1
748,10,1,1.03914e-05,0,0.00211618,1.66025e-05,0.00214318,0.1,4,544,26,800,540,544,151,100,10,10,10,1
749,10,1,1.03914e-05,0,0.00211618,1.66025e-05,0.00214318,0.4,4,381,19,576,377,381,130,94,10,10,10,1
750,10,1,1.03914e-05,0,0.00211618,1.66025e-05,0.00214318,0.1,4,479,23,704,475,479,153,105,10,10,10,1
751,10,1,1.03914e-05,0,0.00211618,1.66025e-05,0.00214318,0,4,469,23,704,465,469,131,91,10,10,10,1
752,10,1,1.03914e-05,0,0.00211618,1.66025e-05,0.00214318,0.3,4,344,17,512,340,344,113,81,10,10,10,1
753,10,1,1.03914e-05,0,0.00211618,1.66025e-05,0.00214318,0.1,4,449,23,704,445,449,120,68,10,10,10,1
754,10,1,1.03914e-05,0,0.00211618,1.66025e-05,0.00214318,0.1,4,498,25,768,494,498,137,78,10,10,10,1
755,10,1,1.03914e-05,0,0.00211618,1.66025e-05,0.00214318,0.2,4,404,22,672,400,404,126,79,10,10,10,1
756,10,1,1.03914e-05,0,0.00211618,1.66025e-05,0.00214318,0,4,434,21,640,430,434,120,75,10,10,10,1
757,10,1,1.03914e-05,0,0.00211618,1.66025e-05,0.00214318,0.6,4,483,27,832,479,483,181,112,10,10,10,1
758,10,1,1.03914e-05,0,0.00211618,1.66025e-05,0.00214318,0.4,4,335,17,512,331,335,123,92,10,10,10,1
759,10,1,1.03914e-05,0,0.00211618,1.66025e-05,0.00214318,0.1,4,558,27,832,554,558,177,111,10,10,10,1
760,10,1,1.03914e-05,0,0.00211618,1.66025e-05,0.00214318,0.1,4,570,25,768,566,570,132,75,10,10,10,1
761,10,1,1.03914e-05,0,0.00211618,1.66025e-05,0.00214318,0.6,4,293,20,608,289,293,107,73,10,10,10,1
762,10,1,1.03914e-05,0,0.00211618,1.66025e-05,0.00214318,0.1,4,349,19,576,345,349,148,110,10,10,10,1
763,10,1,1.03914e-05,0,0.00211618,1.66025e-05,0.00214318,0.1,4,460,19,576,456,460,123,77,10,10,10,1
764,10,1,1.03914e-05,0,0.00211618,1.66025e-05,0.00214318,0.1,4,550,28,864,546,550,162,110,10,10,10,1
765,10,1,1.03914e-05,0,0.00211618,1.66025e-05,0.00214318,0.2,4,415,23,704,411,415,155,106,10,10,10,1
766,10,1,1.03914e-05,0,0.00211618,1.66025e-05,0.00214318,0.5,4,312,17,512,308,312,124,88,10,10,10,1
767,10,1,1.03914e-05,0,0.00211618,1.66025e-05,0.00214318,0.3,4,378,21,640,374,378,126,85,10,10,10,1
768,10,1,1.03914e-05,0,0.00211618,1.66025e-05,0.00214318,0.2,4,434,19,576,430,434,130,88,10,10,10,1
769,10,1,1.03914e-05,0,0.00211618,1.66025e-05,0.00214318,0.4,4,453,25,768,449,453,141,86,10,10,10,1
770,10,1,1.03914e-05,0,0.00211618,1.66025e-05,0.00214318,0.2,4,415,20,608,411,415,120,84,10,10,10,1
771,10,1,1.03914e-05,0,0.00211618,1.66025e-05,0.00214318,0.1,4,378,17,512,374,378,117,82,10,10,10,1
772,10,1,1.03914e-05,0,0.00211618,1.66025e-05,0.00214318,0.1,4,470,20,608,466,470,120,83,10,10,10,1
773,10,1,1.03914e-05,0,0.00211618,1.66025e-05,0.00214318,0.2,4,410,21,640,406,410,116,68,10,10,10,1
774,10,1,1.03914e-05,0,0.00211618,1.66025e-05,0.00214318,0.2,4,491,28,864,487,491,194,157,10,10,10,1
775,10,1,1.03914e-05,0,0.00211618,1.66025e-05,0.00214318,0.1,4,664,31,960,660,664,166,83,10,10,10,1
776,10,1,1.03914e-05,0,0.00211618,1.66025e-05,0.00214318,0.1,4,524,26,800,520,524,151,97,10,10,10,1
777,10,1,1.03914e-05,0,0.00211618,1.66025e-05,0.00214318,0.2,4,398,18,544,394,398,127,91,10,10,10,1
778,10,1,1.03914e-05,0,0.00211618,1.66025e-05,0.00214318,0.3,4,453,23,704,449,453,133,66,10,10,10,1
779,10,1,1.03914e-05,0,0.00211618,1.66025e-05,0.00214318,0.5,4,441,27,832,437,441,151,105,10,10,10,1
780,10,1,1.03914e-05,0,0.00211618,1.66025e-05,0.00214318,0,4,421,18,544,417,421,119,69,10,10,10,1
781,10,1,1.03914e-05,0,0.00211618,1.66025e-05,0.00214318,0.2,4,473,23,704,469,473,143,87,10,10,10,1
782,10,1,1.03914e-05,0,0.00211618,1.66025e-05,0.00214318,0,4,477,22,672,473,477,127,73,10,10,10,1
783,10,1,1.03914e-05,0,0.00211618,1.66025e-05,0.00214318,0,4,384,20,608,380,384,119,83,10,10,10,1
784,10,1,1.03914e-05,0,0.00211618,1.66025e-05,0.00214318,0.3,4,386,20,608,382,386,137,101,10,10,10,1
785,10,1,1.03914e-05,0,0.00211618,1.66025e-05,0.00214318,0.2,4,452,22,672,448,452,129,91,10,10,10,1
786,10,1,1.03914e-05,0,0.00211618,1.66025e-05,0.00214318,0,4,572,30,928,568,572,162,83,10,10,10,1
787,10,1,1.03914e-05,0,0.00211618,1.66025e-05,0.00214318,0,4,524,26,800,520,524,137,75,10,10,10,1
788,10,1,1.03914e-05,0,0.00211618,1.66025e-05,0.00214318,0.1,4,412,21,640,408,412,121,73,10,10,10,1
789,10,1,1.03914e-05,0,0.00211618,1.66025e-05,0.00214318,0,4,303,16,480,299,303,91,58,10,10,10,1
790,10,1,1.03914e-05,0,0.00211618,1.66025e-05,0.00214318,0.1,4,347,19,576,343,347,112,73,10,10,10,1
791,10,1,1.03914e-05,0,0.00211618,1.66025e-05,0.00214318,0.2,4,471,27,832,467,471,146,79,10,10,10,1
792,10,1,1.03914e-05,0,0.00211618,1.66025e-05,0.00214318,0.1,4,377,18,544,373,377,108,64,10,10,10,1
793,10,1,1.03914e-05,0,0.00211618,1.66025e-05,0.00214318,0,4,435,23,704,431,435,126,71,10,10,10,1
794,10,1,1.03914e-05,0,0.00211618,1.66025e-05,0.00214318,0.1,4,450,23,704,446,450,134,88,10,10,10,1
795,10,1,1.03914e-05,0,0.00211618,1.66025e-05,0.00214318,0,4,402,18,544,398,402,103,76,10,10,10,1
796,10,1,1.03914e-05,0,0.00211618,1.66025e-05,0.00214318,0.4,4,407,25,768,403,407,161,114,10,10,10,1
797,10,1,1.03914e-05,0,0.00211618,1.66025e-05,0.00214318,0.8,4,446,24,736,442,446,157,101,10,10,10,1
798,10,1,1.03914e-05,0,0.00211618,1.66025e-05,0.00214318,0.5,4,676,40,1248,672,676,220,123,10,10,10,1
799,10,1,1.03914e-05,0,0.00211618,1.66025e-05,0.00214318,0,4,397,19,576,393,397,110,72,10,10,10,1
800,10,1,1.03914e-05,0,0.00211618,1.66025e-05,0.00214318,0.7,4,396,21,640,392,396,165,117,10,10,10,1
801,10,1,1.03914e-05,0,0.00211618,1.66025e-05,0.00214318,0.2,4,492,24,736,488,492,153,104,10,10,10,1
802,10,1,1.03914e-05,0,0.00211618,1.66025e-05,0.00214318,0.3,4,378,19,576,374,378,126,82,10,10,10,1
803,10,1,1.03914e-05,0,0.00211618,1.66025e-05,0.00214318,0.3,4,559,30,928,555,559,170,101,10,10,10,1
804,10,1,1.03914e-05,0,0.00211618,1.66025e-05,0.00214318,0.3,4,443,21,640,439,443,114,67,10,10,10,1
805,10,1,1.03914e-05,0,0.00211618,1.66025e-05,0.00214318,0.4,4,591,31,960,587,591,168,98,10,10,10,1
806,10,1,1.03914e-05,0,0.00211618,1.66025e-05,0.00214318,0.2,4,389,24,736,385,389,141,87,10,10,10,1
807,10,1,1.03914e-05,0,0.00211618,1.66025e-05,0.00214318,0.5,4,373,20,608,369,373,133,94,10,10,10,1
808,10,1,1.03914e-05,0,0.00211618,1.66025e-05,0.00214318,0.3,4,353,20,608,349,353,99,60,10,10,10,1
809,10,1,1.03914e-05,0,0.00211618,1.66025e-05,0.00214318,0.5,4,293,18,544,289,293,104,70,10,10,10,1
810,10,1,1.03914e-05,0,0.00211618,1.66025e-05,0.00214318,0.1,4,497,25,768,493,497,134,87,10,10,10,1
811,10,1,1.03914e-05,0,0.00211618,1.66025e-05,0.00214318,0.2,4,484,22,672,480,484,146,96,10,10,10,1
812,10,1,1.03914e-05,0,0.00211618,1.66025e-05,0.00214318,0,4,492,23,704,488,492,140,86,10,10,10,1
813,10,1,1.03914e-05,0,0.00211618,1.66025e-05,0.00214318,0.1,4,343,16,480,339,343,88,59,10,10,10,1
814,10,1,1.03914e-05,0,0.00211618,1.66025e-05,0.00214318,0.3,4,377,18,544,373,377,117,88,10,10,10,1
815,10,1,1.03914e-05,0,0.00211618,1.66025e-05,0.00214318,0.1,4,378,18,544,374,378,112,78,10,10,10,1
816,10,1,1.03914e-05,0,0.00211618,1.66025e-05,0.00214318,0.3,4,455,21,640,451,455,105,61,10,10,10,1
817,10,1,1.03914e-05,0,0.00211618,1.66025e-05,0.00214318,0.1,4,281,16,480,277,281,105,68,10,10,10,1
818,10,1,1.03914e-05,0,0.00211618,1.66025e-05,0.00214318,0.1,4,392,20,608,388,392,144,108,10,10,10,1
819,10,1,1.03914e-05,0,0.00211618,1.66025e-05,0.00214318,0.3,4,321,17,512,317,321,106,79,10,10,10,1
820,10,1,1.03914e-05,0,0.00211618,1.66025e-05,0.00214318,0.5,4,387,18,544,383,387,137,107,10,10,10,1
821,10,1,1.03914e-05,0,0.00211618,1.66025e-05,0.00214318,0.2,4,350,17,512,346,350,107,75,10,10,10,1
822,10,1,1.03914e-05,0,0.00211618,1.66025e-05,0.00214318,0,4,365,17,512,361,365,128,90,10,10,10,1
823,10,1,1.03914e-05,0,0.00211618,1.66025e-05,0.00214318,0,4,401,17,512,397,401,104,69,10,10,10,1
824,10,1,1.03914e-05,0,0.00211618,1.66025e-05,0.00214318,0.1,4,524,23,704,520,524,128,68,10,10,10,1
825,10,1,1.03914e-05,0,0.00211618,1.66025e-05,0.00214318,0.3,4,391,19,576,387,391,110,73,10,10,10,1
826,10,1,1.03914e-05,0,0.00211618,1.66025e-05,0.00214318,0.1,4,397,18,544,393,397,108,70,10,10,10,1
827,10,1,1.03914e-05,0,0.00211618,1.66025e-05,0.00214318,0,4,448,22,672,444,448,116,74,10,10,10,1
828,10,1,1.03914e-05,0,0.00211618,1.66025e-05,0.00214318,0.2,4,404,19,576,400,404,118,66,10,10,10,1
829,10,1,1.03914e-05,0,0.00211618,1.66025e-05,0.00214318,0.3,4,457,21,640,453,457,121,80,10,10,10,1
830,10,1,1.03914e-05,0,0.00211618,1.66025e-05,0.00214318,0.5,4,508,26,800,504,508,145,83,10,10,10,1
831,10,1,1.03914e-05,0,0.00211618,1.66025e-05,0.00214318,0.1,4,360,17,512,356,360,119,80,10,10,10,1
832,10,1,1.03914e-05,0,0.00211618,1.66025e-05,0.00214318,0.1,4,362,18,544,358,362,117,90,10,10,10,1
833,10,1,1.03914e-05,0,0.00211618,1.66025e-05,0.00214318,0.1,4,305,15,448,301,305,93,61,10,10,10,1
834,10,1,1.03914e-05,0,0.00211618,1.66025e-05,0.00214318,0.2,4,421,20,608,417,421,107,53,10,10,10,1
835,10,1,1.03914e-05,0,0.00211618,1.66025e-05,0.00214318,0.6,4,339,17,512,335,339,111,69,10,10,10,1
836,10,1,1.03914e-05,0,0.00211618,1.66025e-05,0.00214318,0,4,267,13,384,263,267,87,64,10,10,10,1
837,10,1,1.03914e-05,0,0.00211618,1.66025e-05,0.00214318,0.3,4,777,35,1088,773,777,171,79,10,10,10,1
838,10,1,1.03914e-05,0,0.00211618,1.66025e-05,0.00214318,0.1,4,423,21,640,419,423,120,82,10,10,10,1
839,10,1,1.03914e-05,0,0.00211618,1.66025e-05,0.00214318,0.1,4,373,18,544,369,373,99,49,10,10,10,1
840,10,1,1.03914e-05,0,0.00211618,1.66025e-05,0.00214318,0.5,4,486,23,704,482,486,122,71,10,10,10,1
841,10,1,1.03914e-05,0,0.00211618,1.66025e-05,0.00214318,0.1,4,465,21,640,461,465,115,70,10,10,10,1
842,10,1,1.03914e-05,0,0.00211618,1.66025e-05,0.00214318,0,4,432,21,640,428,432,138,78,10,10,10,1
843,10,1,1.03914e-05,0,0.00211618,1.66025e-05,0.00214318,0.3,4,390,18,544,386,390,106,72,10,10,10,1
844,10,1,1.03914e-05,0,0.00211618,1.66025e-05,0.00214318,0,4,505,24,736,501,505,124,81,10,10,10,1
845,10,1,1.03914e-05,0,0.00211618,1.66025e-05,0.00214318,0,4,302,18,544,298,302,110,68,10,10,10,1
846,10,1,1.03914e-05,0,0.00211618,1.66025e-05,0.00214318,0.3,4,481,23,704,477,481,150,100,10,10,10,1
847,10,1,1.03914e-05,0,0.00211618,1.66025e-05,0.00214318,0,4,676,29,896,672,676,161,88,10,10,10,1
848,10,1,1.03914e-05,0,0.00211618,1.66025e-05,0.00214318,0,4,433,21,640,429,433,110,61,10,10,10,1
849,10,1,1.03914e-05,0,0.00211618,1.66025e-05,0.00214318,0,4,385,18,544,381,385,108,72,10,10,10,1
850,10,1,1.03914e-05,0,0.00211618,1.66025e-05,0.00214318,0.6,4,462,20,608,458,462,117,80,10,10,10,1
851,10,1,1.03914e-05,0,0.00211618,1.66025e-05,0.00214318,0.3,4,520,25,768,516,520,153,93,10,10,10,1
852,10,1,1.03914e-05,0,0.00211618,1.66025e-05,0.00214318,0.3,4,310,15,448,306,310,88,54,10,10,10,1
853,10,1,1.03914e-05,0,0.00211618,1.66025e-05,0.00214318,0.4,4,375,21,640,371,375,115,69,10,10,10,1
854,10,1,1.03914e-05,0,0.00211618,1.66025e-05,0.00214318,0,4,554,27,832,550,554,136,75,10,10,10,1
855,10,1,1.03914e-05,0,0.00211618,1.66025e-05,0.00214318,0.2,4,371,16,480,367,371,114,87,10,10,10,1
856,10,1,1.03914e-05,0,0.00211618,1.66025e-05,0.00214318,0.6,4,381,18,544,377,381,125,83,10,10,10,1
857,10,1,1.03914e-05,0,0.00211618,1.66025e-05,0.00214318,0,4,594,26,800,590,594,141,72,10,10,10,1
858,10,1,1.03914e-05,0,0.00211618,1.66025e-05,0.00214318,0.6,4,589,28,864,585,589,140,80,10,10,10,1
859,10,1,1.03914e-05,0,0.00211618,1.66025e-05,0.00214318,0.1,4,503,26,800,499,503,137,83,10,10,10,1
860,10,1,1.03914e-05,0,0.00211618,1.66025e-05,0.00214318,0,4,418,18,544,414,418,106,72,10,10,10,1
861,10,1,1.03914e-05,0,0.00211618,1.66025e-05,0.00214318,0.1,4,435,21,640,431,435,137,87,10,10,10,1
862,10,1,1.03914e-05,0,0.00211618,1.66025e-05,0.00214318,0.1,4,369,18,544,365,369,107,71,10,10,10,1
863,10,1,1.03914e-05,0,0.00211618,1.66025e-05,0.00214318,0.1,4,426,20,608,422,426,132,90,10,10,10,1
864,10,1,1.03914e-05,0,0.00211618,1.66025e-05,0.00214318,0.3,4,402,19,576,398,402,125,89,10,10,10,1
865,10,1,1.03914e-05,0,0.00211618,1.66025e-05,0.00214318,0.3,4,405,19,576,401,405,124,85,10,10,10,1
866,10,1,1.03914e-05,0,0.00211618,1.66025e-05,0.00214318,0.3,4,419,19,576,415,419,125,78,10,10,10,1
867,10,1,1.03914e-05,0,0.00211618,1.66025e-05,0.00214318,0.2,4,416,22,672,412,416,124,79,10,10,10,1
868,10,1,1.03914e-05,0,0.00211618,1.66025e-05,0.00214318,0.1,4,501,24,736,497,501,122,65,10,10,10,1
869,10,1,1.03914e-05,0,0.00211618,1.66025e-05,0.00214318,0.4,4,394,19,576,390,394,120,83,10,10,10,1
870,10,1,1.03914e-05,0,0.00211618,1.66025e-05,0.00214318,0,4,508,32,992,504,508,165,90,10,10,10,1
871,10,1,1.03914e-05,0,0.00211618,1.66025e-05,0.00214318,0.2,4,366,17,512,362,366,98,57,10,10,10,1
872,10,1,1.03914e-05,0,0.00211618,1.66025e-05,0.00214318,0.1,4,451,24,736,447,451,129,78,10,10,10,1
873,10,1,1.03914e-05,0,0.00211618,1.66025e-05,0.00214318,0.5,4,551,26,800,547,551,137,75,10,10,10,1
874,10,1,1.03914e-05,0,0.00211618,1.66025e-05,0.00214318,0,4,455,23,704,451,455,159,111,10,10,10,1
875,10,1,1.03914e-05,0,0.00211618,1.66025e-05,0.00214318,0,4,633,30,928,629,633,173,100,10,10,10,1
876,10,1,1.03914e-05,0,0.00211618,1.66025e-05,0.00214318,0.3,4,517,24,736,513,517,128,70,10,10,10,1
877,10,1,1.03914e-05,0,0.00211618,1.66025e-05,0.00214318,0.1,4,378,18,544,374,378,90,54,10,10,10,1
878,10,1,1.03914e-05,0,0.00211618,1.66025e-05,0.00214318,0,4,364,17,512,360,364,128,88,10,10,10,1
879,10,1,1.03914e-05,0,0.00211618,1.66025e-05,0.00214318,0.1,4,372,18,544,368,372,106,73,10,10,10,1
880,10,1,1.03914e-05,0,0.00211618,1.66025e-05,0.00214318,0.5,4,328,15,448,324,328,97,63,10,10,10,1
881,10,1,1.03914e-05,0,0.00211618,1.66025e-05,0.00214318,0.1,4,339,18,544,335,339,110,82,10,10,10,1
882,10,1,1.03914e-05,0,0.00211618,1.66025e-05,0.00214318,0.1,4,321,19,576,317,321,116,81,10,10,10,1
883,10,1,1.03914e-05,0,0.00211618,1.66025e-05,0.00214318,0,4,441,23,704,437,441,133,82,10,10,10,1
884,10,1,1.03914e-05,0,0.00211618,1.66025e-05,0.00214318,0.2,4,454,19,576,450,454,114,70,10,10,10,1
885,10,1,1.03914e-05,0,0.00211618,1.66025e-05,0.00214318,0.1,4,301,14,416,297,301,85,63,10,10,10,1
886,10,1,1.03914e-05,0,0.00211618,1.66025e-05,0.00214318,0.2,4,452,22,672,448,452,119,69,10,10,10,1
887,10,1,1.03914e-05,0,0.00211618,1.66025e-05,0.00214318,0,4,371,17,512,367,371,111,75,10,10,10,1
888,10,1,1.03914e-05,0,0.00211618,1.66025e-05,0.00214318,0.2,4,428,19,576,424,428,108,77,10,10,10,1
889,10,1,1.03914e-05,0,0.00211618,1.66025e-05,0.00214318,0.4,4,546,25,768,542,546,151,96,10,10,10,1
890,10,1,1.03914e-05,0,0.00211618,1.66025e-05,0.00214318,0.2,4,407,19,576,403,407,112,69,10,10,10,1
891,10,1,1.03914e-05,0,0.00211618,1.66025e-05,0.00214318,0,4,406,19,576,402,406,122,85,10,10,10,1
892,10,1,1.03914e-05,0,0.00211618,1.66025e-05,0.00214318,0.1,4,523,23,704,519,523,151,96,10,10,10,1
893,10,1,1.03914e-05,0,0.00211618,1.66025e-05,0.00214318,0.1,4,671,30,928,667,671,164,92,10,10,10,1
894,10,1,1.03914e-05,0,0.00211618,1.66025e-05,0.00214318,0.5,4,686,32,992,682,686,178,104,10,10,10,1
895,10,1,1.03914e-05,0,0.00211618,1.66025e-05,0.00214318,0,4,337,15,448,333,337,96,62,10,10,10,1
896,10,1,1.03914e-05,0,0.00211618,1.66025e-05,0.00214318,0.2,4,425,20,608,421,425,112,63,10,10,10,1
897,10,1,1.03914e-05,0,0.00211618,1.66025e-05,0.00214318,0.3,4,410,22,672,406,410,133,92,10,10,10,1
898,10,1,1.03914e-05,0,0.00211618,1.66025e-05,0.00214318,0.3,4,437,19,576,433,437,125,88,10,10,10,1
899,10,1,1.03914e-05,0,0.00211618,1.66025e-05,0.00214318,0,4,616,28,864,612,616,145,75,10,10,10,1
900,10,1,1.03914e-05,0,0.00211618,1.66025e-05,0.00214318,0,4,443,20,608,439,443,89,37,10,10,10,1
901,10,1,1.03914e-05,0,0.00211618,1.66025e-05,0.00214318,0.1,4,628,27,832,624,628,150,83,10,10,10,1
902,10,1,1.03914e-05,0,0.00211618,1.66025e-05,0.00214318,0.3,4,350,20,608,346,350,111,71,10,10,10,1
903,10,1,1.03914e-05,0,0.00211618,1.66025e-05,0.00214318,0.4,4,411,21,640,407,411,130,84,10,10,10,1
904,10,1,1.03914e-05,0,0.00211618,1.66025e-05,0.00214318,0.1,4,604,27,832,600,604,140,76,10,10,10,1
905,10,1,1.03914e-05,0,0.00211618,1.66025e-05,0.00214318,0.4,4,366,18,544,362,366,119,76,10,10,10,1
906,10,1,1.03914e-05,0,0.00211618,1.66025e-05,0.00214318,0.1,4,459,23,704,455,459,125,67,10,10,10,1
907,10,1,1.03914e-05,0,0.00211618,1.66025e-05,0.00214318,0,4,413,18,544,409,413,104,69,10,10,10,1
908,10,1,1.03914e-05,0,0.00211618,1.66025e-05,0.00214318,0.3,4,372,17,512,368,372,105,67,10,10,10,1
909,10,1,1.03914e-05,0,0.00211618,1.66025e-05,0.00214318,0,4,532,27,832,528,532,131,75,10,10,10,1
910,10,1,1.03914e-05,0,0.00211618,1.66025e-05,0.00214318,0.3,4,537,25,768,533,537,136,75,10,10,10,1
911,10,1,1.03914e-05,0,0.00211618,1.66025e-05,0.00214318,0,4,496,22,672,492,496,120,57,10,10,10,1
912,10,1,1.03914e-05,0,0.00211618,1.66025e-05,0.00214318,0,4,716,34,1056,712,716,168,80,10,10,10,1
913,10,1,1.03914e-05,0,0.00211618,1.66025e-05,0.00214318,0,4,588,28,864,584,588,152,79,10,10,10,1
914,10,1,1.03914e-05,0,0.00211618,1.66025e-05,0.00214318,0,4,458,23,704,454,458,122,71,10,10,10,1
915,10,1,1.03914e-05,0,0.00211618,1.66025e-05,0.00214318,0,4,401,18,544,397,401,116,75,10,10,10,1
916,10,1,1.03914e-05,0,0.00211618,1.66025e-05,0.00214318,0,4,536,24,736,532,536,116,64,10,10,10,1
917,10,1,1.03914e-05,0,0.00211618,1.66025e-05,0.00214318,0.3,4,437,23,704,433,437,127,75,10,10,10,1
918,10,1,1.03914e-05,0,0.00211618,1.66025e-05,0.00214318,0.1,4,345,18,544,341,345,123,89,10,10,10,1
919,10,1,1.03914e-05,0,0.00211618,1.66025e-05,0.00214318,0.3,4,448,22,672,444,448,123,75,10,10,10,1
920,10,1,1.03914e-05,0,0.00211618,1.66025e-05,0.00214318,0.4,4,700,31,960,696,700,170,92,10,10,10,1
921,10,1,1.03914e-05,0,0.00211618,1.66025e-05,0.00214318,0,4,471,20,608,467,471,130,74,10,10,10,1
922,10,1,1.03914e-05,0,0.00211618,1.66025e-05,0.00214318,0.3,4,364,20,608,360,364,123,90,10,10,10,1
923,10,1,1.03914e-05,0,0.00211618,1.66025e-05,0.00214318,0.1,4,445,21,640,441,445,111,55,10,10,10,1
924,10,1,1.03914e-05,0,0.00211618,1.66025e-05,0.00214318,0,4,499,23,704,495,499,133,96,10,10,10,1
925,10,1,1.03914e-05,0,0.00211618,1.66025e-05,0.00214318,0.5,4,375,21,640,371,375,129,81,10,10,10,1
926,10,1,1.03914e-05,0,0.00211618,1.66025e-05,0.00214318,0.4,4,582,28,864,578,582,176,110,10,10,10,1
927,10,1,1.03914e-05,0,0.00211618,1.66025e-05,0.00214318,0.1,4,445,20,608,441,445,111,73,10,10,10,1
928,10,1,1.03914e-05,0,0.00211618,1.66025e-05,0.00214318,0.1,4,389,18,544,385,389,117,84,10,10,10,1
929,10,1,1.03914e-05,0,0.00211618,1.66025e-05,0.00214318,0.2,4,620,31,960,616,620,168,98,10,10,10,1
930,10,1,1.03914e-05,0,0.00211618,1.66025e-05,0.00214318,0.1,4,450,21,640,446,450,117,71,10,10,10,1
931,10,1,1.03914e-05,0,0.00211618,1.66025e-05,0.00214318,0.5,4,468,22,672,464,468,137,103,10,10,10,1
932,10,1,1.03914e-05,0,0.00211618,1.66025e-05,0.00214318,0.1,4,427,20,608,423,427,109,68,10,10,10,1
933,10,1,1.03914e-05,0,0.00211618,1.66025e-05,0.00214318,0.1,4,657,34,1056,653,657,185,100,10,10,10,1
934,10,1,1.03914e-05,0,0.00211618,1.66025e-05,0.00214318,0,4,564,27,832,560,564,149,96,10,10,10,1
935,10,1,1.03914e-05,0,0.00211618,1.66025e-05,0.00214318,0.2,4,393,18,544,389,393,123,91,10,10,10,1
936,10,1,1.03914e-05,0,0.00211618,1.66025e-05,0.00214318,0,4,473,23,704,469,473,107,64,10,10,10,1
937,10,1,1.03914e-05,0,0.00211618,1.66025e-05,0.00214318,0,4,540,23,704,536,540,148,98,10,10,10,1
938,10,1,1.03914e-05,0,0.00211618,1.66025e-05,0.00214318,0,4,569,32,992,565,569,152,74,10,10,10,1
939,10,1,1.03914e-05,0,0.00211618,1.66025e-05,0.00214318,0.1,4,477,22,672,473,477,125,81,10,10,10,1
940,10,1,1.03914e-05,0,0.00211618,1.66025e-05,0.00214318,0.1,4,440,21,640,436,440,123,79,10,10,10,1
941,10,1,1.03914e-05,0,0.00211618,1.66025e-05,0.00214318,0.3,4,536,23,704,532,536,129,89,10,10,10,1
942,10,1,1.03914e-05,0,0.00211618,1.66025e-05,0.00214318,0.5,4,462,21,640,458,462,144,98,10,10,10,1
943,10,1,1.03914e-05,0,0.00211618,1.66025e-05,0.00214318,0.2,4,428,23,704,424,428,109,59,10,10,10,1
944,10,1,1.03914e-05,0,0.00211618,1.66025e-05,0.00214318,0.2,4,560,30,928,556,560,161,88,10,10,10,1
945,10,1,1.03914e-05,0,0.00211618,1.66025e-05,0.00214318,0.4,4,278,19,576,274,278,118,75,10,10,10,1
946,10,1,1.03914e-05,0,0.00211618,1.66025e-05,0.00214318,0.6,4,531,24,736,527,531,160,113,10,10,10,1
947,10,1,1.03914e-05,0,0.00211618,1.66025e-05,0.00214318,0.1,4,480,22,672,476,480,156,108,10,10,10,1
948,10,1,1.03914e-05,0,0.00211618,1.66025e-05,0.00214318,0,4,458,19,576,454,458,127,89,10,10,10,1
949,10,1,1.03914e-05,0,0.00211618,1.66025e-05,0.00214318,0.1,4,783,36,1120,779,783,188,94,10,10,10,1
950,10,1,1.03914e-05,0,0.00211618,1.66025e-05,0.00214318,0.3,4,519,26,800,515,519,153,99,10,10,10,1
951,10,1,1.03914e-05,0,0.00211618,1.66025e-05,0.00214318,0,4,426,21,640,422,426,131,86,10,10,10,1
952,10,1,1.03914e-05,0,0.00211618,1.66025e-05,0.00214318,0.2,4,407,18,544,403,407,103,60,10,10,10,1
953,10,1,1.03914e-05,0,0.00211618,1.66025e-05,0.00214318,0.3,4,491,23,704,487,491,117,67,10,10,10,1
954,10,1,1.03914e-05,0,0.00211618,1.66025e-05,0.00214318,0.2,4,559,27,832,555,559,157,101,10,10,10,1
955,10,1,1.03914e-05,0,0.00211618,1.66025e-05,0.00214318,0.1,4,443,26,800,439,443,139,75,10,10,10,1
956,10,1,1.03914e-05,0,0.00211618,1.66025e-05,0.00214318,0.1,4,361,16,480,357,361,95,60,10,10,10,1
957,10,1,1.03914e-05,0,0.00211618,1.66025e-05,0.00214318,0.1,4,356,16,480,352,356,116,86,10,10,10,1
958,10,1,1.03914e-05,0,0.00211618,1.66025e-05,0.00214318,0,4,326,17,512,322,326,93,56,10,10,10,1
959,10,1,1.03914e-05,0,0.00211618,1.66025e-05,0.00214318,0,4,344,16,480,340,344,90,55,10,10,10,1
960,10,1,1.03914e-05,0,0.00211618,1.66025e-05,0.00214318,0.2,4,426,21,640,422,426,117,74,10,10,10,1
961,10,1,1.03914e-05,0,0.00211618,1.66025e-05,0.00214318,0,4,344,17,512,340,344,115,82,10,10,10,1
962,10,1,1.03914e-05,0,0.00211618,1.66025e-05,0.00214318,0.2,4,430,21,640,426,430,122,73,10,10,10,1
963,10,1,1.03914e-05,0,0.00211618,1.66025e-05,0.00214318,0.3,4,617,27,832,613,617,149,92,10,10,10,1
964,10,1,1.03914e-05,0,0.00211618,1.66025e-05,0.00214318,0,4,391,19,576,387,391,117,78,10,10,10,1
965,10,1,1.03914e-05,0,0.00211618,1.66025e-05,0.00214318,0.2,4,668,32,992,664,668,179,112,10,10,10,1
966,10,1,1.03914e-05,0,0.00211618,1.66025e-05,0.00214318,0.6,4,472,23,704,468,472,151,99,10,10,10,1
967,10,1,1.03914e-05,0,0.00211618,1.66025e-05,0.00214318,0,4,463,25,768,459,463,121,67,10,10,10,1
968,10,1,1.03914e-05,0,0.00211618,1.66025e-05,0.00214318,0.2,4,409,25,768,405,409,113,75,10,10,10,1
969,10,1,1.03914e-05,0,0.00211618,1.66025e-05,0.00214318,0.3,4,413,23,704,409,413,127,75,10,10,10,1
970,10,1,1.03914e-05,0,0.00211618,1.66025e-05,0.00214318,0,4,587,25,768,583,587,138,88,10,10,10,1
971,10,1,1.03914e-05,0,0.00211618,1.66025e-05,0.00214318,0.4,4,313,17,512,309,313,109,77,10,10,10,1
972,10,1,1.03914e-05,0,0.00211618,1.66025e-05,0.00214318,0,4,435,19,576,431,435,125,80,10,10,10,1
973,10,1,1.03914e-05,0,0.00211618,1.66025e-05,0.00214318,0.3,4,525,28,864,521,525,142,81,10,10,10,1
974,10,1,1.03914e-05,0,0.00211618,1.66025e-05,0.00214318,0,4,361,17,512,357,361,112,89,10,10,10,1
975,10,1,1.03914e-05,0,0.00211618,1.66025e-05,0.00214318,0.1,4,385,20,608,381,385,120,80,10,10,10,1
976,10,1,1.03914e-05,0,0.00211618,1.66025e-05,0.00214318,0.2,4,435,21,640,431,435,148,105,10,10,10,1
977,10,1,1.03914e-05,0,0.00211618,1.66025e-05,0.00214318,0.1,4,504,20,608,500,504,113,65,10,10,10,1
978,10,1,1.03914e-05,0,0.00211618,1.66025e-05,0.00214318,0.3,4,353,18,544,349,353,122,87,10,10,10,1
979,10,1,1.03914e-05,0,0.00211618,1.66025e-05,0.00214318,0.4,4,391,22,672,387,391,147,99,10,10,10,1
980,10,1,1.03914e-05,0,0.00211618,1.66025e-05,0.00214318,0.1,4,525,28,864,521,525,137,75,10,10,10,1
981,10,1,1.03914e-05,0,0.00211618,1.66025e-05,0.00214318,0,4,363,17,512,359,363,107,72,10,10,10,1
982,10,1,1.03914e-05,0,0.00211618,1.66025e-05,0.00214318,0,4,391,19,576,387,391,118,72,10,10,10,1
983,10,1,1.03914e-05,0,0.00211618,1.66025e-05,0.00214318,0.1,4,560,25,768,556,560,168,110,10,10,10,1
984,10,1,1.03914e-05,0,0.00211618,1.66025e-05,0.00214318,0.3,4,320,16,480,316,320,114,81,10,10,10,1
985,10,1,1.03914e-05,0,0.00211618,1.66025e-05,0.00214318,0,4,672,32,992,668,672,182,97,10,10,10,1
986,10,1,1.03914e-05,0,0.00211618,1.66025e-05,0.00214318,0.1,4,463,22,672,459,463,126,78,10,10,10,1
987,10,1,1.03914e-05,0,0.00211618,1.66025e-05,0.00214318,0.4,4,343,18,544,339,343,120,75,10,10,10,1
988,10,1,1.03914e-05,0,0.00211618,1.66025e-05,0.00214318,0.5,4,323,17,512,319,323,110,77,10,10,10,1
989,10,1,1.03914e-05,0,0.00211618,1.66025e-05,0.00214318,0.2,4,397,18,544,393,397,116,75,10,10,10,1
990,10,1,1.03914e-05,0,0.00211618,1.66025e-05,0.00214318,0.1,4,476,24,736,472,476,143,90,10,10,10,1
991,10,1,1.03914e-05,0,0.00211618,1.66025e-05,0.00214318,0,4,541,23,704,537,541,142,77,10,10,10,1
992,10,1,1.03914e-05,0,0.00211618,1.66025e-05,0.00214318,0,4,512,23,704,508,512,141,89,10,10,10,1
993,10,1,1.03914e-05,0,0.00211618,1.66025e-05,0.00214318,0,4,461,20,608,457,461,132,88,10,10,10,1
994,10,1,1.03914e-05,0,0.00211618,1.66025e-05,0.00214318,0.5,4,336,20,608,332,336,125,87,10,10,10,1
995,10,1,1.03914e-05,0,0.00211618,1.66025e-05,0.00214318,0,4,379,18,544,375,379,104,63,10,10,10,1
996,10,1,1.03914e-05,0,0.00211618,1.66025e-05,0.00214318,0.1,4,503,24,736,499,503,151,103,10,10,10,1
997,10,1,1.03914e-05,0,0.00211618,1.66025e-05,0.00214318,0.5,4,323,16,480,319,323,103,78,10,10,10,1
998,10,1,1.03914e-05,0,0.00211618,1.66025e-05,0.00214318,0.4,4,413,22,672,409,413,144,97,10,10,10,1
999,10,1,1.03914e-05,0,0.00211618,1.66025e-05,0.00214318,0,4,364,17,512,360,364,96,70,10,10,10,1
